0,7,383.56,33.9
1,4,166.09,33.93
2,6,484.08,45.33
3,1,322.24,38.32
4,1,490.95,17.65
5,5,296.79,1.56
6,10,368.13,37.16
7,5,404.29,6.14
8,6,353.72,12.0
9,6,413.25,32.45


10,3,139.81,24.39
11,2,414.59,3.21
12,4,348.3,26.72
13,3,420.57,1.37
14,2,267.27,2.62
15,2,305.03,3.11
16,7,108.66,2.38
17,7,69.94,5.5
18,10,184.72,5.35
19,4,254.36,35.31


20,8,313.91,43.05
21,4,188.25,14.14
22,7,402.4,44.21
23,3,439.29,16.36
24,6,246.3,24.81
25,5,98.22,47.28
26,3,255.97,16.31
27,5,161.24,38.68
28,2,133.18,10.27
29,5,216.32,15.36


30,2,396.71,33.43
31,1,211.96,12.44
32,4,469.28,43.21
33,4,342.16,15.93
34,3,434.93,27.16
35,7,64.78,35.99
36,10,73.35,36.66
37,10,327.94,6.13
38,2,476.29,10.02
39,8,69.23,9.41


40,8,259.9,43.57
41,2,252.65,41.27
42,6,404.89,27.23
43,2,99.07,20.56
44,1,258.88,36.67
45,8,87.88,11.68
46,8,498.79,46.09
47,4,385.33,14.52
48,5,473.0,24.23
49,9,59.39,47.56


50,4,352.39,25.43
51,7,278.97,41.72
52,3,496.45,27.81
53,8,469.1,31.01
54,6,72.18,11.5
55,1,473.96,48.74
56,7,341.12,7.97
57,9,146.42,39.16
58,7,208.59,45.83
59,9,292.16,22.67


60,1,234.18,43.76
61,4,195.42,25.81
62,5,245.62,14.08
63,9,431.37,39.09
64,9,212.68,15.73
65,2,144.11,22.32
66,4,263.91,44.62
67,7,141.64,32.15
68,6,339.88,44.2
69,9,228.21,17.85


70,6,395.92,45.59
71,7,429.0,16.46
72,6,379.51,11.17
73,7,319.0,31.78
74,10,194.6,18.1
75,1,240.34,28.37
76,6,461.83,24.81
77,9,102.78,19.97
78,8,217.15,8.23
79,8,200.29,6.63


80,10,359.26,21.96
81,5,69.58,28.28
82,3,89.05,4.92
83,6,95.73,40.31
84,1,232.73,29.83
85,5,499.79,9.24
86,8,329.67,3.85
87,10,89.86,48.25
88,9,434.48,26.04
89,5,404.02,37.64


90,7,131.72,5.8
91,6,456.86,20.18
92,9,371.85,45.84
93,4,476.15,15.36
94,10,477.14,16.53
95,4,302.06,20.52
96,2,254.42,13.3
97,6,320.27,11.95
98,8,175.13,42.53
99,3,155.16,27.04


100,8,206.83,24.75
101,4,196.82,22.81
102,5,85.11,38.17
103,5,317.4,20.83
104,4,431.32,49.93
105,2,180.34,33.33
106,9,264.23,12.79
107,1,388.07,12.21
108,7,187.5,7.04
109,7,383.02,46.51


110,8,168.38,7.73
111,6,421.6,18.47
112,4,343.26,11.59
113,7,433.84,2.54
114,1,494.68,33.94
115,5,294.86,43.09
116,4,344.41,6.2
117,1,89.71,4.32
118,3,113.83,12.05
119,4,445.11,42.95


120,9,170.36,7.15
121,4,195.62,30.75
122,8,334.11,42.85
123,5,295.9,31.77
124,8,479.34,32.08
125,9,221.21,48.01
126,4,369.87,15.62
127,7,325.64,19.39
128,10,208.53,33.02
129,5,473.92,1.38


130,2,80.68,43.45
131,6,300.78,45.05
132,8,299.56,31.61
133,4,204.64,49.43
134,6,199.61,15.84
135,6,414.82,24.34
136,3,496.3,16.44
137,1,269.56,13.69
138,10,242.75,48.34
139,7,481.87,48.36


140,3,481.34,38.08
141,8,87.98,14.71
142,10,421.92,20.45
143,5,207.98,16.81
144,10,404.02,32.19
145,3,179.06,45.48
146,3,421.61,6.89
147,5,311.05,23.24
148,4,276.31,39.67
149,7,365.19,15.24


150,5,104.37,30.73
151,2,219.31,27.29
152,10,162.39,36.51
153,2,393.86,26.81
154,7,263.45,38.17
155,4,170.67,16.8
156,8,499.27,38.7
157,4,342.97,21.83
158,3,225.0,40.18
159,6,145.76,48.24


160,8,352.86,23.35
161,3,362.19,12.87
162,9,140.79,25.91
163,2,280.76,11.06
164,3,176.76,48.1
165,1,297.16,42.21
166,10,495.55,6.0
167,8,258.04,44.91
168,9,141.04,29.67
169,4,376.12,20.56


170,1,337.93,16.06
171,3,166.27,9.46
172,1,499.03,4.64
173,7,416.15,42.75
174,7,480.78,8.97
175,9,98.82,27.87
176,8,279.05,3.91
177,3,210.12,1.1
178,2,235.72,36.1
179,6,63.47,13.69


180,7,351.74,39.6
181,8,215.88,16.68
182,5,303.94,22.49
183,10,131.07,1.93
184,9,165.67,1.54
185,2,336.57,49.15
186,2,215.99,25.34
187,6,145.1,41.41
188,5,62.66,39.25
189,1,193.25,23.3


190,7,360.14,3.02
191,9,464.47,11.01
192,10,216.62,14.31
193,1,90.93,18.19
194,7,480.13,14.96
195,4,416.5,16.98
196,1,377.5,20.51
197,6,487.92,1.08
198,2,440.85,2.8
199,8,91.71,26.63


200,10,361.24,47.65
201,4,69.06,49.3
202,2,259.66,46.27
203,6,414.01,25.26
204,9,439.05,21.08
205,6,382.13,26.03
206,3,232.93,23.56
207,4,492.83,36.34
208,3,165.8,20.31
209,5,60.35,45.91


210,3,183.93,7.73
211,3,289.57,11.59
212,2,427.07,16.7
213,3,388.41,29.99
214,6,451.96,41.09
215,1,248.17,15.54
216,7,384.45,11.6
217,6,139.93,18.77
218,10,278.11,12.17
219,9,167.07,11.52


220,6,345.75,28.42
221,7,104.3,16.63
222,5,210.02,12.67
223,4,353.43,8.51
224,5,398.64,35.0
225,5,167.97,11.91
226,6,389.78,32.77
227,3,404.5,29.57
228,2,440.69,40.1
229,1,82.69,34.33


230,10,176.27,31.82
231,7,65.79,26.88
232,2,80.01,43.42
233,6,152.5,41.52
234,2,288.18,25.58
235,8,69.86,11.13
236,8,220.62,41.05
237,1,229.57,42.15
238,8,218.35,30.09
239,9,95.01,27.7


240,2,199.88,38.88
241,2,365.45,49.87
242,7,476.83,11.23
243,9,440.72,28.2
244,3,432.9,31.8
245,7,408.79,15.61
246,5,499.29,27.17
247,5,293.78,30.77
248,2,257.11,43.96
249,9,400.36,35.97


250,7,345.35,32.72
251,1,81.0,45.88
252,10,419.84,6.65
253,2,204.6,15.53
254,2,122.11,5.33
255,7,99.61,16.15
256,8,423.91,3.74
257,4,319.7,12.55
258,3,216.44,45.9
259,7,191.97,32.11


260,7,422.72,7.66
261,9,395.5,40.91
262,8,218.5,16.45
263,8,447.2,15.07
264,2,164.08,45.35
265,8,188.81,15.25
266,7,265.26,12.13
267,7,199.92,17.24
268,4,332.55,45.46
269,7,136.88,40.57


270,1,490.94,27.06
271,8,163.42,32.75
272,6,116.88,3.07
273,3,348.27,41.32
274,10,164.27,25.04
275,8,436.57,18.63
276,6,370.93,18.57
277,7,110.61,4.84
278,9,70.23,3.79
279,8,102.11,5.7


280,1,369.03,27.41
281,5,312.26,1.76
282,4,228.04,37.03
283,4,157.64,38.72
284,2,174.22,49.77
285,6,186.05,22.79
286,5,498.3,33.69
287,7,142.01,46.48
288,9,424.54,3.63
289,2,152.04,3.72


290,1,380.95,45.07
291,7,432.15,23.11
292,2,408.16,45.02
293,10,230.88,45.26
294,9,182.11,29.81
295,1,480.17,22.28
296,5,492.47,37.97
297,3,347.61,11.24
298,7,397.91,44.81
299,2,271.37,14.52


300,7,210.47,45.59
301,8,458.4,36.5
302,8,362.6,19.93
303,9,418.99,2.35
304,10,346.38,35.25
305,4,488.11,40.74
306,10,465.45,41.66
307,3,351.72,44.07
308,4,100.2,3.18
309,9,76.86,2.83


310,7,329.15,17.65
311,8,496.03,13.45
312,5,411.78,6.06
313,2,108.33,47.18
314,7,219.52,19.27
315,7,419.78,18.73
316,1,138.67,38.84
317,2,472.01,40.58
318,3,207.62,16.92
319,6,416.21,9.0


320,7,334.5,21.33
321,1,217.72,40.36
322,5,466.28,4.37
323,1,128.87,23.1
324,9,68.05,16.07
325,2,184.95,40.45
326,6,239.13,25.52
327,9,440.62,33.66
328,10,175.97,14.37
329,8,357.07,17.88


330,1,393.8,23.36
331,5,224.86,49.01
332,3,145.96,22.71
333,2,113.48,10.86
334,7,337.94,5.74
335,6,126.89,14.59
336,2,464.37,43.68
337,1,275.86,18.28
338,4,202.69,14.08
339,10,114.77,23.53


340,10,336.63,9.23
341,5,179.88,30.96
342,2,346.55,6.1
343,6,95.25,38.5
344,1,186.47,10.76
345,6,74.05,1.57
346,1,130.0,18.28
347,1,190.13,1.69
348,7,376.67,28.5
349,1,109.84,32.43


350,8,462.34,25.43
351,1,193.14,30.98
352,6,149.25,6.49
353,7,330.41,12.23
354,4,56.84,19.04
355,4,327.7,34.8
356,8,105.58,37.76
357,6,192.86,16.85
358,2,249.15,25.24
359,3,193.39,48.33


360,4,414.71,17.99
361,2,302.63,28.12
362,7,175.11,18.81
363,6,474.44,31.27
364,7,122.63,14.14
365,6,73.49,47.35
366,7,315.8,13.06
367,5,464.22,5.11
368,5,87.42,6.51
369,4,279.42,21.97


370,7,135.41,10.65
371,2,155.76,26.9
372,10,199.11,38.15
373,3,201.44,6.09
374,7,208.54,49.94
375,8,121.25,27.98
376,4,196.71,26.5
377,4,313.19,30.45
378,8,223.55,19.25
379,4,311.03,8.92


380,1,489.46,25.83
381,3,422.82,32.48
382,6,419.45,48.89
383,8,356.69,12.85
384,6,430.26,18.12
385,7,204.93,14.47
386,5,396.27,33.02
387,10,74.42,35.34
388,3,483.66,49.21
389,7,388.44,11.93


390,6,310.01,42.85
391,7,270.02,11.78
392,1,443.56,12.67
393,3,189.13,28.19
394,4,350.78,42.29
395,3,52.86,10.58
396,6,193.44,26.32
397,10,217.18,10.66
398,3,446.94,25.8
399,10,120.1,22.0


400,5,111.63,38.16
401,10,178.04,15.54
402,8,240.14,12.32
403,6,289.77,3.82
404,1,467.5,13.08
405,6,158.02,33.09
406,4,147.86,44.46
407,4,334.4,30.79
408,2,308.02,47.46
409,2,77.49,17.72


410,2,387.83,45.82
411,2,67.03,3.86
412,5,306.38,44.05
413,5,442.24,7.49
414,9,201.33,12.3
415,10,189.18,44.57
416,7,187.86,10.15
417,1,458.23,23.86
418,10,474.38,33.59
419,4,444.06,28.69


420,6,216.04,7.6
421,7,414.95,45.41
422,1,447.71,11.84
423,7,62.77,20.78
424,7,325.88,33.54
425,4,223.19,42.89
426,7,431.63,37.91
427,8,301.33,29.91
428,1,402.68,9.4
429,8,419.16,12.57


430,7,64.91,7.34
431,5,382.81,7.25
432,7,497.49,3.06
433,1,101.97,14.46
434,8,484.16,33.42
435,10,398.48,42.4
436,7,429.44,40.54
437,9,86.84,9.1
438,7,331.25,28.32
439,2,414.82,43.04


440,3,74.36,28.53
441,8,247.43,3.67
442,1,319.46,20.52
443,8,212.74,33.75
444,1,118.2,20.46
445,10,409.31,40.98
446,8,488.86,13.21
447,4,309.4,7.26
448,4,106.28,31.93
449,3,149.96,3.88


450,2,80.86,35.67
451,1,252.67,20.87
452,10,378.11,18.44
453,9,87.23,44.22
454,6,101.91,7.04
455,7,108.37,34.62
456,2,219.4,28.64
457,10,78.31,28.52
458,3,234.15,40.99
459,6,56.89,29.28


460,4,125.4,28.11
461,10,408.02,13.99
462,6,72.83,7.29
463,6,100.96,41.9
464,4,299.47,49.16
465,5,471.83,36.26
466,3,470.72,42.56
467,1,496.43,39.34
468,6,293.64,18.74
469,4,99.39,25.39


470,10,289.87,34.97
471,7,340.05,44.57
472,6,346.06,49.45
473,9,462.37,20.29
474,6,278.78,35.1
475,6,155.4,17.9
476,4,252.08,45.64
477,2,158.8,16.09
478,3,329.9,44.64
479,6,262.52,41.45


480,5,279.34,29.56
481,5,296.03,29.27
482,10,471.39,13.27
483,2,425.68,16.61
484,6,189.15,8.4
485,3,137.82,26.28
486,6,194.54,14.3
487,1,115.76,12.69
488,5,237.45,25.73
489,4,334.02,20.31


490,9,109.42,36.86
491,8,423.07,34.37
492,2,65.72,38.84
493,9,106.15,25.4
494,5,216.31,9.31
495,6,106.12,18.21
496,4,72.67,10.21
497,4,99.58,6.36
498,10,145.72,9.45
499,4,295.5,9.53


500,5,454.88,6.88
501,8,147.86,37.65
502,8,478.45,43.48
503,9,456.86,22.68
504,6,315.2,44.81
505,4,346.34,11.96
506,3,400.32,45.03
507,5,315.6,36.73
508,7,110.57,11.7
509,3,362.33,25.62


510,1,165.23,24.9
511,6,499.19,22.09
512,7,287.58,13.41
513,8,301.51,45.84
514,5,228.88,13.1
515,4,478.73,31.52
516,10,118.77,23.33
517,4,463.01,31.11
518,2,249.04,44.24
519,2,338.53,1.68


520,4,493.57,18.88
521,6,392.19,41.82
522,6,495.63,34.2
523,8,489.35,1.57
524,8,326.32,38.16
525,2,454.45,5.36
526,4,348.12,28.71
527,1,284.07,25.38
528,5,405.36,18.84
529,2,368.97,46.74


530,1,111.36,44.09
531,9,265.41,9.25
532,8,294.72,29.28
533,8,75.46,32.03
534,3,274.35,23.11
535,9,349.15,33.04
536,2,359.2,18.82
537,4,483.1,25.16
538,1,243.7,41.92
539,2,147.2,5.64


540,8,468.45,2.66
541,6,144.23,22.57
542,3,193.2,38.82
543,8,375.58,45.87
544,1,358.6,44.59
545,5,59.9,32.71
546,6,56.54,30.66
547,9,341.62,19.21
548,7,238.52,47.89
549,4,206.27,20.44


550,1,366.74,22.16
551,2,231.36,26.22
552,3,375.68,40.63
553,10,306.58,11.09
554,6,210.33,31.03
555,3,326.41,29.62
556,4,155.02,10.76
557,8,69.18,40.56
558,1,168.93,45.99
559,2,193.53,41.45


560,6,124.9,22.25
561,1,101.25,17.5
562,3,244.72,1.91
563,8,435.15,17.4
564,1,435.24,22.29
565,1,238.76,36.24
566,6,470.31,32.39
567,10,356.42,19.63
568,1,376.29,44.14
569,3,357.25,11.83


570,7,97.18,16.18
571,4,445.74,42.35
572,5,74.65,10.54
573,1,464.35,42.06
574,10,185.17,37.33
575,9,91.77,40.98
576,6,274.67,35.86
577,6,314.91,12.71
578,3,419.07,9.8
579,7,182.0,8.09


580,8,475.55,3.32
581,9,385.74,39.61
582,4,197.55,38.42
583,6,231.36,48.41
584,10,169.51,7.03
585,1,316.19,38.15
586,5,475.51,35.57
587,7,256.45,21.83
588,5,466.76,20.38
589,8,456.89,23.56


590,2,417.7,37.43
591,1,410.42,15.2
592,7,155.57,42.05
593,5,338.69,29.35
594,6,444.19,44.51
595,7,489.25,3.51
596,9,461.15,25.55
597,7,384.71,39.91
598,7,242.23,23.13
599,3,147.41,22.0


600,10,217.28,34.51
601,3,196.95,15.11
602,8,117.77,43.17
603,2,317.21,46.96
604,5,409.37,21.9
605,8,258.68,33.23
606,9,211.45,2.52
607,1,210.77,1.46
608,8,113.47,42.41
609,4,415.9,41.09


610,4,120.56,24.61
611,8,125.8,21.74
612,10,145.73,9.88
613,3,227.63,1.94
614,4,190.49,14.32
615,10,69.03,8.47
616,1,259.26,36.96
617,7,422.3,30.18
618,5,250.92,37.58
619,2,213.31,30.67


620,8,53.54,37.08
621,1,71.41,32.34
622,4,489.25,39.42
623,5,293.06,12.31
624,8,484.73,12.49
625,10,347.09,2.47
626,3,387.05,40.59
627,8,407.6,29.31
628,3,169.81,17.81
629,5,77.29,13.02


630,1,434.72,24.65
631,9,174.74,10.15
632,8,99.29,12.76
633,8,205.37,36.1
634,8,365.84,8.64
635,1,186.68,26.69
636,3,443.22,41.79
637,4,405.78,39.75
638,7,193.72,29.73
639,8,100.11,47.38


640,5,334.06,6.45
641,10,363.69,41.22
642,4,284.87,27.28
643,9,362.72,3.4
644,7,234.07,31.83
645,8,325.55,27.55
646,6,426.96,30.72
647,6,330.7,12.99
648,1,118.38,35.87
649,2,398.96,18.46


650,2,51.49,19.65
651,3,211.41,15.2
652,2,455.21,35.89
653,3,152.03,24.75
654,4,131.06,35.99
655,2,375.15,3.59
656,7,331.26,30.25
657,3,112.8,16.61
658,6,294.0,2.48
659,8,130.21,35.47


660,7,444.98,45.19
661,2,231.5,40.76
662,4,238.35,27.36
663,9,250.69,21.6
664,7,204.76,27.24
665,10,267.63,39.67
666,9,162.9,12.98
667,8,247.91,2.51
668,8,177.9,45.38
669,8,496.87,35.38


670,4,451.52,22.83
671,9,137.38,18.46
672,6,232.32,35.18
673,3,117.5,21.47
674,7,241.79,12.36
675,6,401.99,43.36
676,2,344.71,15.49
677,8,207.58,5.46
678,10,130.38,2.68
679,3,86.09,25.61


680,1,162.61,42.4
681,5,291.92,24.64
682,2,91.54,45.5
683,6,383.11,10.09
684,2,364.9,12.83
685,7,426.85,34.23
686,8,150.79,48.02
687,9,106.47,29.72
688,4,116.63,40.88
689,4,98.71,5.57


690,5,452.94,44.06
691,4,418.21,15.71
692,5,495.06,17.19
693,6,224.82,8.9
694,5,247.84,41.51
695,3,207.23,19.3
696,2,454.84,27.88
697,1,447.12,8.16
698,10,115.22,26.55
699,9,117.62,49.25


700,9,221.9,49.15
701,5,451.5,40.07
702,3,89.16,5.36
703,1,302.21,26.23
704,1,437.28,13.86
705,6,361.94,11.29
706,4,493.19,42.72
707,8,261.28,41.2
708,7,379.74,8.38
709,9,292.49,46.03


710,3,301.74,30.13
711,6,61.14,43.27
712,3,407.57,34.08
713,3,496.08,8.58
714,6,109.92,44.88
715,8,333.14,25.48
716,5,361.4,26.67
717,7,471.87,19.9
718,4,264.5,48.63
719,6,174.28,33.86


720,1,310.95,42.85
721,9,273.95,31.6
722,5,384.2,18.28
723,9,336.74,18.72
724,2,420.67,23.46
725,9,373.71,11.7
726,5,224.93,27.68
727,10,305.97,43.92
728,7,255.78,25.08
729,6,281.6,10.59


730,7,288.94,26.78
731,10,188.53,33.09
732,1,277.7,47.38
733,4,376.65,35.37
734,9,437.04,40.88
735,4,417.79,45.07
736,6,460.46,3.37
737,2,306.14,11.43
738,9,183.96,9.28
739,9,151.54,7.9


740,5,117.27,45.91
741,7,348.01,45.01
742,9,70.27,34.41
743,6,292.45,18.04
744,7,331.44,39.93
745,7,182.51,41.17
746,7,257.44,38.94
747,2,212.78,38.73
748,8,263.92,7.63
749,2,384.49,32.28


750,2,411.9,21.21
751,2,120.38,12.2
752,2,314.52,43.2
753,8,227.32,45.69
754,9,427.13,2.84
755,7,243.17,30.07
756,1,369.1,39.52
757,8,284.92,22.86
758,8,210.38,4.74
759,10,408.91,11.79


760,9,268.94,37.61
761,9,94.48,48.88
762,2,264.86,33.57
763,1,316.41,3.08
764,3,245.11,35.72
765,5,308.06,47.03
766,7,156.16,24.84
767,5,250.56,2.69
768,5,140.08,8.19
769,4,212.54,11.43


770,5,347.48,31.52
771,2,102.11,8.06
772,8,102.56,42.82
773,5,159.31,35.97
774,3,111.59,49.78
775,2,358.14,46.67
776,9,188.22,22.24
777,7,201.85,23.99
778,9,141.05,40.3
779,2,470.48,21.26


780,6,482.93,32.68
781,1,138.66,48.96
782,8,348.71,34.7
783,5,420.51,37.62
784,4,303.35,24.24
785,9,260.78,34.73
786,1,118.33,39.29
787,1,157.74,36.26
788,6,148.63,16.79
789,5,417.86,48.77


790,5,402.42,11.06
791,9,306.15,27.77
792,2,447.04,31.06
793,1,117.31,21.84
794,9,64.62,6.07
795,3,383.05,37.0
796,9,389.06,24.01
797,4,411.7,40.82
798,3,364.72,42.94
799,8,364.07,24.92


800,2,143.61,30.79
801,10,323.59,31.61
802,7,330.1,31.99
803,8,59.7,47.72
804,6,334.09,24.78
805,7,253.52,3.31
806,2,117.65,4.98
807,4,204.18,35.45
808,8,436.29,3.43
809,7,205.54,35.28


810,7,117.48,37.56
811,4,411.52,1.82
812,3,469.72,37.87
813,5,283.25,7.15
814,3,411.92,16.56
815,10,229.15,38.49
816,1,65.86,6.43
817,1,106.81,16.48
818,1,414.54,5.84
819,8,177.96,48.19


820,5,250.5,4.34
821,1,404.86,47.53
822,4,111.13,48.29
823,9,365.84,29.14
824,3,449.0,49.55
825,6,406.67,22.34
826,4,240.06,46.79
827,1,319.18,41.15
828,9,438.05,49.81
829,2,441.22,36.1


830,6,268.32,15.15
831,7,299.76,25.6
832,10,420.72,11.08
833,7,118.9,41.13
834,6,85.61,22.34
835,5,328.95,11.65
836,2,121.82,13.31
837,7,112.38,2.21
838,8,211.34,34.58
839,5,414.03,31.94


840,2,176.56,3.74
841,5,425.05,10.3
842,9,185.99,19.67
843,10,88.63,6.49
844,9,60.62,47.18
845,7,136.9,27.25
846,9,156.77,37.5
847,5,312.34,37.41
848,7,341.45,45.34
849,2,211.75,46.74


850,4,315.63,20.26
851,9,498.7,20.2
852,7,155.86,19.44
853,6,245.21,49.47
854,3,311.32,11.39
855,9,405.08,6.19
856,3,483.38,39.2
857,10,253.1,36.56
858,9,174.45,47.97
859,5,325.77,3.44


860,6,368.25,11.37
861,6,463.91,22.56
862,1,367.53,38.26
863,2,182.02,45.74
864,4,234.08,38.88
865,6,299.34,25.64
866,7,481.58,27.98
867,1,84.56,16.9
868,6,381.55,33.55
869,7,434.16,16.07


870,6,499.94,17.51
871,1,384.28,44.07
872,7,437.72,9.16
873,4,61.88,29.74
874,10,370.35,8.87
875,6,80.14,11.48
876,2,189.4,48.49
877,7,199.77,18.38
878,5,467.0,15.32
879,3,168.83,11.98


880,8,318.56,11.06
881,6,55.73,32.19
882,1,52.01,40.75
883,9,375.17,8.19
884,6,393.84,47.08
885,4,156.94,40.79
886,9,445.2,27.31
887,7,363.07,43.5
888,10,272.33,26.81
889,3,422.1,23.91


890,3,425.37,2.9
891,6,56.63,25.76
892,7,144.4,25.83
893,1,317.96,41.7
894,2,377.96,30.61
895,5,432.87,36.14
896,10,108.96,33.25
897,7,319.43,4.2
898,6,85.1,47.76
899,7,277.5,30.8


900,8,269.03,6.96
901,1,122.93,35.91
902,1,336.48,32.29
903,8,473.01,44.84
904,2,72.71,49.69
905,7,328.85,47.25
906,7,297.51,8.42
907,3,391.27,17.45
908,10,141.91,35.7
909,9,278.07,10.85


910,5,200.24,17.41
911,5,130.83,41.68
912,3,239.06,35.99
913,1,198.83,37.59
914,2,279.0,40.99
915,6,206.84,6.35
916,9,91.15,19.86
917,4,353.08,35.46
918,7,177.29,37.52
919,3,478.44,26.59


920,3,98.54,26.06
921,10,94.72,45.63
922,2,301.37,21.64
923,8,117.78,17.36
924,3,376.36,11.07
925,2,290.2,46.13
926,1,378.35,49.7
927,5,373.5,34.34
928,6,92.23,43.71
929,9,284.88,41.54


930,1,197.16,38.91
931,4,95.67,31.75
932,8,164.02,20.73
933,8,347.19,27.62
934,10,434.0,1.02
935,10,280.4,45.51
936,8,485.13,37.98
937,4,482.98,10.61
938,4,159.62,26.99
939,6,248.86,26.33


940,5,496.19,3.81
941,3,189.42,10.48
942,5,352.54,44.0
943,3,396.01,32.62
944,7,55.01,21.92
945,4,117.74,27.7
946,9,96.53,26.12
947,4,460.94,1.7
948,7,301.36,43.57
949,10,196.93,49.27


950,9,273.01,9.46
951,4,192.23,18.08
952,9,441.95,29.99
953,8,437.0,20.53
954,8,84.28,13.97
955,1,149.24,36.37
956,10,380.25,38.59
957,9,378.05,5.14
958,8,106.82,44.26
959,10,159.59,24.96


960,7,482.54,12.13
961,8,350.4,42.39
962,7,386.68,49.72
963,9,462.34,27.8
964,3,134.8,15.33
965,4,251.07,42.82
966,8,469.66,47.82
967,2,442.23,5.71
968,10,280.25,48.97
969,8,148.98,2.87


970,9,305.09,35.4
971,10,373.66,30.22
972,10,325.67,35.39
973,5,138.5,47.03
974,6,446.84,20.18
975,4,300.74,16.21
976,1,111.39,19.04
977,8,373.06,37.67
978,5,213.63,36.86
979,4,147.41,39.06


980,9,475.85,24.93
981,10,54.17,6.54
982,2,402.5,9.82
983,10,328.77,1.37
984,3,457.79,21.51
985,8,56.32,34.81
986,6,375.38,22.91
987,5,56.15,32.01
988,5,275.58,39.89
989,7,96.8,7.24


990,5,460.85,40.83
991,3,225.61,21.98
992,2,206.75,28.4
993,10,474.85,39.1
994,9,438.79,1.81
995,10,99.84,36.19
996,5,263.65,48.02
997,4,363.91,38.54
998,9,204.22,45.83
999,10,206.44,48.64


1000,1,363.59,24.63
1001,5,251.6,45.72
1002,6,403.41,23.22
1003,7,339.18,33.22
1004,4,477.31,23.55
1005,9,263.91,30.81
1006,7,402.33,26.83
1007,8,284.91,29.2
1008,4,201.21,1.22
1009,7,190.84,22.31


1010,6,162.18,48.55
1011,9,286.91,41.33
1012,4,423.32,25.69
1013,6,290.55,18.38
1014,4,202.7,8.95
1015,2,244.9,6.19
1016,1,74.52,20.02
1017,8,481.28,3.2
1018,8,307.39,19.69
1019,10,304.81,18.83


1020,2,150.99,32.79
1021,5,332.21,8.81
1022,10,311.28,18.08
1023,10,54.95,8.39
1024,6,348.76,47.1
1025,1,308.11,3.15
1026,5,175.73,19.4
1027,6,340.8,4.24
1028,9,147.13,41.22
1029,6,109.27,17.83


1030,10,224.18,1.72
1031,3,69.82,19.64
1032,9,75.89,42.29
1033,4,424.83,45.29
1034,9,90.96,21.0
1035,1,416.96,35.23
1036,7,195.64,37.34
1037,6,107.02,25.78
1038,3,188.43,27.08
1039,1,253.67,7.81


1040,1,417.93,6.06
1041,8,451.87,37.68
1042,10,265.22,26.94
1043,9,242.56,1.72
1044,1,267.14,8.11
1045,6,318.52,37.67
1046,5,425.56,32.13
1047,10,349.11,48.53
1048,2,57.09,22.8
1049,5,451.48,12.14


1050,7,453.29,12.34
1051,9,148.52,41.9
1052,1,431.42,17.07
1053,5,198.05,27.6
1054,9,180.07,24.46
1055,2,126.7,41.16
1056,8,359.77,42.05
1057,1,138.37,46.99
1058,6,164.5,42.75
1059,1,293.93,7.81


1060,2,444.16,6.52
1061,9,422.32,47.45
1062,8,343.22,9.55
1063,4,262.77,11.05
1064,3,474.75,7.07
1065,8,229.3,48.53
1066,1,51.04,3.12
1067,6,265.21,36.19
1068,4,371.64,23.75
1069,6,396.68,20.48


1070,3,335.09,11.34
1071,5,54.45,19.46
1072,3,334.98,2.19
1073,2,305.17,32.74
1074,5,121.48,6.09
1075,10,121.28,22.73
1076,6,130.97,21.44
1077,6,201.61,13.59
1078,4,156.22,31.95
1079,10,322.85,37.54


1080,6,484.22,42.84
1081,1,415.24,40.8
1082,9,282.99,45.73
1083,4,243.06,6.11
1084,5,131.63,46.74
1085,2,270.93,33.89
1086,4,426.54,29.52
1087,6,143.59,21.64
1088,6,492.21,20.88
1089,4,323.63,26.11


1090,8,265.0,35.62
1091,10,365.23,37.55
1092,6,473.96,12.35
1093,9,239.91,30.79
1094,7,260.37,22.9
1095,1,346.39,17.79
1096,6,449.91,18.42
1097,5,110.74,42.92
1098,1,263.23,40.07
1099,10,74.3,36.08


1100,3,450.1,45.14
1101,9,146.08,4.07
1102,7,490.58,48.24
1103,6,443.73,39.91
1104,2,115.49,2.04
1105,4,117.87,33.21
1106,10,146.75,31.7
1107,6,85.88,38.63
1108,10,322.47,23.83
1109,7,473.6,25.84


1110,5,204.21,47.06
1111,8,236.43,39.17
1112,7,200.28,11.69
1113,5,389.21,38.06
1114,8,206.96,4.33
1115,4,388.94,22.57
1116,10,343.22,44.98
1117,7,386.12,20.71
1118,7,471.88,3.34
1119,7,112.24,4.3


1120,7,81.91,11.37
1121,1,178.81,47.04
1122,1,342.53,26.53
1123,9,133.45,22.78
1124,5,112.73,39.18
1125,6,68.21,12.87
1126,4,127.22,32.76
1127,4,398.71,8.5
1128,10,76.28,23.64
1129,4,414.11,8.08


1130,1,433.85,28.73
1131,5,410.19,12.04
1132,6,287.08,46.49
1133,5,152.92,41.1
1134,10,407.35,1.4
1135,8,443.75,21.16
1136,9,495.63,23.9
1137,8,187.19,37.82
1138,1,81.48,5.87
1139,5,241.61,19.2


1140,5,244.5,37.02
1141,1,74.8,29.75
1142,3,102.47,48.7
1143,9,208.15,34.29
1144,9,430.38,44.54
1145,3,160.99,17.28
1146,6,283.47,34.85
1147,5,97.47,26.62
1148,6,284.98,18.23
1149,8,342.76,39.15


1150,6,199.62,8.66
1151,2,163.27,23.4
1152,4,278.28,18.37
1153,4,299.85,31.62
1154,4,120.77,48.28
1155,4,267.88,16.22
1156,6,497.11,8.38
1157,8,85.55,45.32
1158,3,170.44,14.44
1159,10,360.92,4.66


1160,5,52.35,48.6
1161,3,304.04,39.76
1162,6,396.49,46.41
1163,1,166.92,38.84
1164,4,355.23,27.33
1165,4,316.75,45.1
1166,6,92.93,20.69
1167,2,443.04,38.71
1168,3,319.47,10.07
1169,5,244.26,47.18


1170,2,135.75,27.01
1171,5,426.52,14.2
1172,4,210.22,13.58
1173,4,225.78,16.35
1174,2,436.08,47.99
1175,3,273.3,18.12
1176,7,349.52,19.22
1177,5,271.6,6.65
1178,4,162.72,22.83
1179,3,210.11,33.72


1180,7,316.89,44.82
1181,7,142.19,41.02
1182,6,110.66,33.5
1183,1,431.53,10.27
1184,3,315.21,6.66
1185,2,272.14,7.25
1186,3,339.96,3.12
1187,6,164.96,32.7
1188,10,84.26,45.25
1189,3,342.59,15.51


1190,10,69.86,21.21
1191,4,201.59,44.73
1192,4,283.6,10.99
1193,10,79.32,32.48
1194,7,361.91,47.88
1195,8,75.46,27.53
1196,10,177.84,19.53
1197,9,359.98,23.02
1198,8,236.78,34.89
1199,3,53.73,29.49


1200,6,334.38,1.61
1201,10,243.27,7.97
1202,4,439.87,17.97
1203,9,415.84,9.51
1204,10,181.42,34.46
1205,3,298.82,2.27
1206,3,280.17,30.43
1207,1,88.56,25.98
1208,10,70.42,11.06
1209,6,487.13,39.14


1210,5,498.02,36.86
1211,5,66.1,35.17
1212,9,205.41,21.11
1213,6,348.89,31.63
1214,8,364.83,16.35
1215,7,258.54,30.35
1216,9,91.21,43.39
1217,7,320.64,20.44
1218,2,97.44,17.35
1219,8,471.1,2.2


1220,4,237.49,24.57
1221,2,264.55,43.62
1222,1,354.26,4.32
1223,5,312.2,11.93
1224,7,95.05,8.29
1225,7,182.77,45.65
1226,3,367.89,14.32
1227,1,487.49,12.4
1228,10,63.89,36.03
1229,1,347.43,9.5


1230,7,53.22,33.65
1231,4,373.8,36.87
1232,8,406.01,6.94
1233,3,436.26,36.35
1234,5,81.04,43.19
1235,1,52.5,12.4
1236,1,172.26,32.77
1237,4,163.7,15.01
1238,4,291.28,16.97
1239,1,437.49,37.34


1240,10,375.56,17.38
1241,5,253.76,45.09
1242,5,305.96,12.9
1243,4,154.05,12.21
1244,2,289.25,30.46
1245,4,120.76,21.47
1246,9,403.0,45.84
1247,9,308.33,20.32
1248,5,410.01,22.52
1249,9,90.29,11.07


1250,7,172.54,43.26
1251,6,331.08,22.89
1252,7,333.67,40.83
1253,9,266.74,25.19
1254,1,154.92,26.17
1255,5,356.4,13.71
1256,8,299.22,30.03
1257,8,259.45,12.77
1258,1,103.98,45.95
1259,7,136.37,21.01


1260,2,81.7,23.21
1261,6,398.35,40.91
1262,4,365.05,45.25
1263,10,178.91,12.1
1264,6,52.24,35.71
1265,9,482.9,19.44
1266,7,494.87,18.1
1267,3,308.11,38.62
1268,5,326.76,24.06
1269,1,101.81,6.96


1270,5,433.42,27.14
1271,10,426.15,30.47
1272,7,245.61,26.67
1273,9,271.67,20.04
1274,6,177.54,44.83
1275,6,367.03,25.23
1276,8,180.66,21.72
1277,10,85.1,22.42
1278,3,456.33,45.38
1279,1,312.5,31.1


1280,2,216.8,12.37
1281,4,220.66,35.78
1282,9,384.62,1.19
1283,1,347.08,27.38
1284,9,458.98,41.06
1285,3,335.55,21.46
1286,6,158.21,2.95
1287,6,253.75,19.23
1288,6,282.85,39.94
1289,8,476.47,48.14


1290,7,427.53,32.67
1291,10,205.2,27.64
1292,7,276.17,16.59
1293,7,364.07,21.97
1294,9,468.34,2.37
1295,2,188.02,8.61
1296,7,365.83,18.11
1297,9,399.7,46.89
1298,7,124.81,34.84
1299,2,416.98,15.61


1300,6,132.31,28.52
1301,8,414.24,1.16
1302,8,300.49,8.79
1303,5,53.34,21.39
1304,1,169.89,27.18
1305,8,405.62,34.35
1306,2,408.16,23.95
1307,1,299.34,42.83
1308,9,82.25,44.14
1309,4,347.98,37.77


1310,4,64.69,25.07
1311,7,482.93,44.32
1312,2,441.04,25.71
1313,10,449.78,15.61
1314,9,395.25,21.24
1315,10,154.17,13.84
1316,3,331.68,10.6
1317,8,354.12,40.63
1318,5,160.86,15.93
1319,3,426.2,1.94


1320,2,338.47,44.08
1321,5,283.32,37.65
1322,4,145.81,17.88
1323,8,398.64,42.81
1324,2,159.09,39.59
1325,7,443.81,40.31
1326,5,420.34,32.47
1327,2,491.57,29.87
1328,9,134.33,34.92
1329,9,379.63,2.67


1330,2,194.49,24.64
1331,1,412.61,34.68
1332,4,229.19,20.15
1333,1,71.6,3.14
1334,5,124.89,32.41
1335,10,493.34,46.29
1336,5,131.91,30.17
1337,5,351.65,24.6
1338,2,282.98,11.87
1339,2,82.16,31.39


1340,9,75.66,17.73
1341,2,384.84,26.41
1342,10,223.79,45.19
1343,8,259.72,36.76
1344,9,271.86,3.18
1345,3,97.22,29.67
1346,2,346.04,21.6
1347,5,191.62,46.44
1348,7,319.79,45.92
1349,9,362.31,12.68


1350,6,354.0,12.79
1351,10,314.47,22.77
1352,8,412.86,35.51
1353,6,355.46,27.52
1354,6,206.41,2.8
1355,8,313.66,30.76
1356,7,273.27,1.36
1357,1,183.08,16.94
1358,8,436.13,12.78
1359,4,146.65,6.2


1360,7,165.78,43.11
1361,6,420.15,22.1
1362,6,277.51,2.65
1363,6,359.22,21.99
1364,8,140.54,18.62
1365,10,428.82,15.84
1366,8,247.17,8.73
1367,2,418.3,13.32
1368,1,199.12,17.44
1369,8,138.06,2.56


1370,1,364.29,19.33
1371,4,283.27,26.72
1372,2,166.83,5.14
1373,5,435.37,38.47
1374,7,200.25,11.04
1375,4,81.76,48.15
1376,10,479.7,2.87
1377,10,121.24,13.71
1378,8,302.72,27.56
1379,4,472.05,9.87


1380,2,475.03,34.55
1381,9,111.85,9.78
1382,4,194.98,20.9
1383,1,147.4,16.42
1384,7,255.75,3.25
1385,8,305.76,44.15
1386,4,163.78,49.01
1387,6,178.51,33.76
1388,9,137.44,27.33
1389,8,435.17,13.08


1390,6,157.18,19.63
1391,6,486.02,35.95
1392,8,370.74,12.8
1393,1,260.71,48.05
1394,2,208.52,23.71
1395,4,205.36,28.01
1396,4,398.52,39.89
1397,7,209.45,24.37
1398,3,83.68,23.83
1399,9,445.73,47.85


1400,10,403.69,47.14
1401,9,486.21,17.88
1402,2,139.76,11.27
1403,5,156.52,29.87
1404,5,431.86,23.93
1405,10,199.37,40.36
1406,3,288.35,24.48
1407,2,110.79,43.36
1408,4,319.49,39.44
1409,10,110.57,19.72


1410,9,128.78,16.45
1411,7,267.3,7.81
1412,10,132.25,9.13
1413,5,149.57,16.5
1414,5,146.68,14.24
1415,6,478.39,8.13
1416,8,240.17,1.67
1417,3,166.78,18.5
1418,10,247.48,38.24
1419,2,141.0,42.07


1420,2,493.6,41.55
1421,7,422.04,43.92
1422,2,179.08,2.38
1423,3,105.57,8.3
1424,9,279.35,12.19
1425,2,105.92,25.89
1426,10,446.31,43.59
1427,3,332.06,46.05
1428,2,499.88,9.37
1429,10,410.64,37.83


1430,4,214.44,39.13
1431,4,377.56,31.0
1432,9,130.46,10.91
1433,5,185.42,15.2
1434,5,439.19,48.32
1435,10,463.33,47.61
1436,5,160.28,42.27
1437,3,80.77,33.93
1438,6,249.49,28.21
1439,6,151.8,41.79


1440,7,73.89,42.78
1441,3,480.27,28.15
1442,3,437.51,17.04
1443,4,272.2,5.23
1444,8,154.83,21.83
1445,10,169.33,38.14
1446,1,299.47,42.59
1447,7,325.13,46.52
1448,3,322.75,22.5
1449,4,174.01,43.62


1450,2,219.88,10.87
1451,2,150.93,22.16
1452,4,81.19,49.96
1453,6,439.43,1.5
1454,4,420.9,26.77
1455,10,346.53,27.79
1456,6,298.67,22.25
1457,4,190.08,20.57
1458,10,322.57,46.78
1459,9,465.12,24.9


1460,8,475.58,33.3
1461,7,109.92,30.08
1462,1,249.48,44.38
1463,1,350.21,31.99
1464,2,348.25,41.21
1465,6,128.4,23.66
1466,4,412.14,47.77
1467,1,221.38,18.66
1468,9,479.06,39.73
1469,7,166.98,24.33


1470,5,488.37,12.69
1471,5,93.69,27.82
1472,8,189.04,41.94
1473,9,101.09,23.32
1474,4,310.16,30.61
1475,3,293.97,28.92
1476,3,329.26,19.24
1477,1,486.2,44.66
1478,2,105.05,45.48
1479,6,395.64,13.6


1480,8,316.9,4.3
1481,9,316.56,45.67
1482,3,400.98,19.69
1483,10,222.23,11.12
1484,5,92.16,30.08
1485,3,150.37,20.41
1486,5,172.95,37.81
1487,8,254.83,40.46
1488,2,262.45,36.14
1489,8,207.58,34.87


1490,8,265.54,22.45
1491,9,249.08,49.04
1492,5,359.65,12.08
1493,8,359.79,23.13
1494,4,381.58,12.41
1495,7,346.98,31.87
1496,10,495.11,17.85
1497,3,307.79,20.39
1498,6,145.72,29.23
1499,4,154.1,19.98


1500,4,224.14,28.15
1501,5,180.16,37.58
1502,7,77.88,20.76
1503,1,62.8,23.32
1504,6,407.84,24.66
1505,5,69.72,16.21
1506,6,238.09,29.24
1507,8,73.84,9.01
1508,10,405.16,18.47
1509,10,485.74,3.59


1510,5,122.31,19.82
1511,3,142.91,19.86
1512,4,273.01,4.65
1513,3,368.93,40.99
1514,8,335.69,31.18
1515,7,292.84,14.01
1516,6,399.27,21.92
1517,9,163.5,40.36
1518,3,314.82,28.65
1519,10,103.86,8.89


1520,4,465.25,49.52
1521,3,154.65,47.88
1522,8,84.9,30.03
1523,6,390.0,37.39
1524,1,233.14,22.78
1525,6,217.4,29.91
1526,5,400.96,26.66
1527,1,322.27,15.57
1528,5,331.89,49.42
1529,8,180.76,44.47


1530,1,444.24,26.32
1531,4,108.54,47.51
1532,4,307.81,6.18
1533,4,423.14,4.16
1534,10,454.43,30.9
1535,2,275.37,4.7
1536,2,301.87,28.75
1537,2,139.14,44.23
1538,7,375.88,17.57
1539,8,309.85,43.08


1540,1,119.32,31.11
1541,8,367.21,35.01
1542,1,445.82,34.3
1543,4,355.81,18.66
1544,3,245.7,18.06
1545,7,363.1,33.01
1546,9,120.07,27.14
1547,2,281.78,12.98
1548,6,301.66,16.85
1549,1,462.1,35.0


1550,5,396.15,28.75
1551,4,425.09,8.74
1552,8,318.57,21.03
1553,5,425.85,15.72
1554,5,357.57,28.55
1555,10,315.22,47.17
1556,10,332.72,31.94
1557,10,104.4,3.9
1558,7,425.44,42.16
1559,3,52.36,19.46


1560,10,164.37,49.33
1561,2,132.79,34.61
1562,6,433.03,9.85
1563,2,423.25,25.19
1564,2,494.63,6.96
1565,3,337.48,41.77
1566,5,114.93,43.46
1567,1,386.81,11.4
1568,10,224.08,6.25
1569,3,422.67,14.34


1570,2,208.41,15.26
1571,4,380.99,12.63
1572,6,419.85,18.62
1573,2,191.38,13.63
1574,3,463.75,35.22
1575,9,279.55,10.89
1576,9,477.42,19.72
1577,5,449.03,25.21
1578,7,349.5,45.63
1579,9,140.21,40.58


1580,4,257.55,6.36
1581,5,104.25,25.23
1582,7,397.66,7.18
1583,5,309.04,17.07
1584,9,192.84,25.09
1585,9,210.75,2.03
1586,9,465.04,21.38
1587,6,399.18,9.96
1588,6,455.69,41.38
1589,9,305.48,21.54


1590,6,98.2,40.61
1591,4,330.99,27.85
1592,5,107.08,1.48
1593,1,295.94,49.8
1594,6,311.66,46.73
1595,7,56.85,13.21
1596,2,145.18,19.92
1597,10,292.32,45.34
1598,1,411.6,34.73
1599,8,411.22,35.37


1600,7,258.4,26.62
1601,7,388.21,35.97
1602,10,319.96,19.84
1603,9,477.92,25.31
1604,3,367.68,49.99
1605,1,213.25,20.44
1606,9,109.05,15.35
1607,2,173.69,45.04
1608,7,431.45,6.96
1609,10,491.25,36.38


1610,10,316.34,7.73
1611,5,249.14,7.38
1612,3,255.14,32.86
1613,5,246.84,2.36
1614,9,128.94,2.05
1615,2,165.25,19.71
1616,1,58.45,19.47
1617,1,277.03,48.23
1618,7,130.77,12.58
1619,2,213.76,5.7


1620,10,331.5,20.35
1621,7,485.13,24.18
1622,10,396.25,23.04
1623,9,248.49,23.97
1624,10,93.7,24.58
1625,6,415.42,44.55
1626,6,183.64,46.16
1627,3,239.96,16.57
1628,5,287.18,12.86
1629,2,178.55,44.49


1630,5,205.8,20.06
1631,7,316.63,35.23
1632,4,64.13,33.59
1633,1,303.77,22.17
1634,8,98.83,27.86
1635,3,119.96,33.73
1636,1,154.0,33.48
1637,2,375.94,35.11
1638,1,444.67,4.87
1639,3,491.25,8.38


1640,9,165.71,24.38
1641,5,400.49,48.07
1642,1,87.06,7.12
1643,6,330.3,27.12
1644,2,141.29,29.14
1645,4,332.39,14.29
1646,7,77.38,29.69
1647,2,479.45,6.13
1648,2,255.28,10.86
1649,9,270.32,22.72


1650,8,59.15,33.97
1651,9,51.26,30.73
1652,7,417.17,42.29
1653,9,284.34,5.34
1654,8,407.84,11.71
1655,10,67.1,21.99
1656,6,129.48,49.43
1657,10,313.44,32.56
1658,8,199.01,39.58
1659,7,97.96,31.29


1660,3,327.48,32.82
1661,5,105.99,42.8
1662,7,344.08,7.98
1663,5,430.8,41.57
1664,1,385.24,27.84
1665,3,167.65,8.33
1666,7,236.41,47.23
1667,4,434.17,48.21
1668,10,76.61,45.27
1669,2,467.47,40.93


1670,10,375.04,32.89
1671,7,178.36,24.79
1672,1,312.56,24.69
1673,4,60.74,11.92
1674,7,99.58,1.14
1675,8,328.95,43.7
1676,10,66.35,29.29
1677,4,167.67,36.08
1678,7,70.67,34.82
1679,8,105.04,40.48


1680,6,273.83,48.89
1681,2,182.17,10.43
1682,10,464.95,20.02
1683,9,121.31,6.27
1684,6,400.0,7.28
1685,4,151.36,36.36
1686,9,321.62,37.77
1687,6,307.32,23.82
1688,3,147.41,45.01
1689,3,410.31,24.75


1690,3,199.24,43.96
1691,10,243.05,2.93
1692,2,415.46,37.05
1693,10,130.96,29.44
1694,9,447.95,4.6
1695,7,419.83,40.52
1696,6,135.72,7.5
1697,3,377.47,46.77
1698,6,163.82,3.34
1699,8,75.4,37.46


1700,10,196.09,15.41
1701,6,475.55,7.45
1702,1,198.45,21.11
1703,4,430.58,40.88
1704,1,82.89,23.2
1705,6,398.69,47.39
1706,8,210.64,29.39
1707,10,405.39,17.97
1708,5,81.02,42.94
1709,8,254.98,29.49


1710,1,82.93,31.64
1711,4,430.86,47.05
1712,9,237.41,30.62
1713,8,400.17,10.75
1714,5,70.99,16.8
1715,6,322.21,7.61
1716,10,242.35,47.8
1717,3,418.47,41.35
1718,3,412.71,6.96
1719,3,475.4,46.34


1720,2,130.4,25.06
1721,6,360.95,29.01
1722,4,474.43,38.53
1723,3,476.37,24.4
1724,4,218.54,1.33
1725,10,450.7,18.4
1726,9,375.69,3.6
1727,5,59.56,2.84
1728,7,333.69,27.45
1729,4,332.74,8.05


1730,6,121.84,38.82
1731,5,140.39,17.9
1732,6,409.39,46.18
1733,6,390.3,30.16
1734,8,442.79,29.27
1735,9,59.62,44.88
1736,3,240.96,29.98
1737,4,139.43,20.29
1738,2,245.98,37.27
1739,7,326.7,16.51


1740,6,81.43,33.16
1741,9,335.51,13.48
1742,10,266.04,38.69
1743,7,401.21,42.81
1744,2,442.68,46.52
1745,5,149.16,18.07
1746,4,284.16,39.54
1747,6,430.94,8.32
1748,10,417.96,33.64
1749,4,84.75,31.41


1750,5,59.53,19.31
1751,9,182.77,49.21
1752,7,150.63,11.71
1753,10,263.35,28.0
1754,5,160.64,45.83
1755,7,427.17,23.12
1756,7,150.2,33.32
1757,2,236.24,8.68
1758,2,167.87,12.42
1759,4,77.55,12.24


1760,7,267.66,45.4
1761,3,161.62,12.03
1762,6,463.43,18.21
1763,8,109.05,18.54
1764,10,487.16,44.84
1765,1,396.08,43.59
1766,4,491.73,42.71
1767,6,196.25,45.75
1768,2,340.87,20.38
1769,10,286.87,35.32


1770,5,185.23,43.39
1771,1,206.6,22.03
1772,10,173.53,27.69
1773,6,184.55,11.61
1774,4,427.28,19.11
1775,4,64.87,13.59
1776,3,166.07,15.31
1777,10,288.06,45.96
1778,2,124.54,34.66
1779,7,278.0,14.56


1780,4,201.02,24.2
1781,9,301.27,10.76
1782,3,175.59,35.48
1783,6,421.94,21.79
1784,8,156.41,46.04
1785,8,330.8,29.63
1786,1,80.73,9.5
1787,6,456.27,46.64
1788,4,192.63,6.2
1789,2,185.73,34.89


1790,2,276.12,45.44
1791,10,296.88,46.79
1792,5,401.05,46.84
1793,1,68.18,30.1
1794,6,419.25,1.44
1795,9,290.65,8.18
1796,1,485.79,46.99
1797,10,248.02,2.85
1798,1,336.14,48.47
1799,10,347.25,26.5


1800,3,149.54,27.06
1801,2,367.37,5.74
1802,2,359.44,12.65
1803,4,102.26,40.42
1804,6,104.73,20.77
1805,3,310.38,42.23
1806,2,111.16,34.57
1807,3,411.85,44.83
1808,2,465.6,3.85
1809,4,268.85,21.2


1810,6,226.39,48.14
1811,1,243.32,23.46
1812,3,406.54,11.32
1813,6,404.66,23.94
1814,6,167.11,44.2
1815,5,431.84,43.44
1816,10,440.16,1.42
1817,4,407.01,44.11
1818,5,63.85,48.6
1819,3,315.0,40.78


1820,6,473.38,41.42
1821,10,185.73,11.27
1822,4,206.27,44.65
1823,9,325.44,27.6
1824,5,323.16,28.34
1825,1,313.15,41.23
1826,5,299.76,12.17
1827,10,432.91,7.86
1828,1,51.46,15.68
1829,3,318.39,19.14


1830,5,422.59,26.48
1831,9,117.71,32.93
1832,7,298.03,36.6
1833,10,210.15,47.65
1834,4,408.91,49.12
1835,8,278.37,2.02
1836,5,406.0,36.71
1837,10,301.14,38.63
1838,10,230.68,42.94
1839,4,181.78,35.02


1840,8,312.82,31.03
1841,7,280.51,8.35
1842,2,229.19,38.64
1843,5,85.75,5.25
1844,10,313.6,22.38
1845,3,484.38,49.6
1846,10,218.36,40.69
1847,4,419.62,40.56
1848,6,215.05,20.75
1849,4,415.47,21.0


1850,10,412.58,6.01
1851,10,432.99,17.26
1852,1,244.74,43.9
1853,7,369.53,26.22
1854,7,107.47,41.73
1855,1,465.71,26.3
1856,6,456.77,29.93
1857,4,447.34,14.28
1858,5,375.75,39.89
1859,8,159.17,17.27


1860,6,355.75,22.4
1861,1,74.55,9.39
1862,8,376.95,39.98
1863,6,419.98,1.36
1864,2,289.04,42.78
1865,5,449.95,9.94
1866,10,333.76,42.17
1867,2,303.27,49.93
1868,9,112.61,25.68
1869,2,328.77,47.44


1870,1,354.41,15.6
1871,8,360.84,43.98
1872,8,189.0,31.98
1873,5,96.5,41.78
1874,5,477.69,47.81
1875,5,244.57,48.49
1876,8,378.07,36.78
1877,10,304.84,29.94
1878,1,185.24,20.52
1879,2,413.64,5.9


1880,3,311.16,45.99
1881,3,119.65,42.8
1882,10,485.28,26.63
1883,4,436.95,30.23
1884,7,175.27,41.92
1885,3,180.4,32.36
1886,4,139.96,12.12
1887,2,452.79,28.26
1888,7,187.26,25.42
1889,1,295.96,28.4


1890,3,169.69,39.77
1891,9,360.63,23.54
1892,4,57.8,48.55
1893,6,489.69,19.94
1894,2,222.48,17.84
1895,6,404.83,3.88
1896,5,167.34,6.47
1897,3,62.73,38.1
1898,2,77.35,4.78
1899,3,253.04,45.24


1900,8,176.68,34.28
1901,6,87.12,17.68
1902,2,114.89,37.57
1903,2,439.56,1.77
1904,3,264.63,35.42
1905,2,447.48,31.21
1906,6,272.38,21.79
1907,5,148.14,30.4
1908,7,282.08,18.46
1909,2,168.4,43.38


1910,2,272.57,30.98
1911,3,239.82,21.28
1912,9,292.41,37.58
1913,6,201.64,1.56
1914,10,208.91,29.53
1915,3,264.68,19.11
1916,9,211.6,29.71
1917,4,221.36,39.48
1918,4,428.39,10.41
1919,4,169.83,11.16


1920,1,393.53,11.58
1921,2,406.01,37.16
1922,10,74.02,35.58
1923,1,120.7,29.31
1924,1,248.87,17.85
1925,5,310.09,46.48
1926,2,444.4,32.86
1927,10,82.62,14.47
1928,4,442.06,23.64
1929,10,62.78,1.75


1930,4,136.0,10.1
1931,3,488.4,45.07
1932,5,266.31,32.28
1933,5,198.88,36.84
1934,9,182.87,46.34
1935,9,91.54,5.18
1936,10,229.85,14.1
1937,9,400.7,23.28
1938,7,172.18,39.47
1939,2,351.76,32.12


1940,9,53.19,20.41
1941,10,336.81,26.81
1942,6,284.01,23.91
1943,1,423.03,47.6
1944,7,389.69,23.55
1945,6,298.21,30.22
1946,6,225.41,10.35
1947,2,70.83,31.91
1948,10,357.77,7.82
1949,4,102.07,7.73


1950,7,173.84,5.22
1951,1,68.74,3.16
1952,1,181.34,10.86
1953,1,168.84,34.01
1954,9,272.69,39.22
1955,4,461.57,3.35
1956,2,85.32,46.55
1957,1,459.48,25.64
1958,8,440.44,46.28
1959,8,309.7,28.46


1960,4,310.5,48.9
1961,9,448.02,25.03
1962,8,303.75,12.22
1963,9,453.61,17.21
1964,10,84.65,13.54
1965,8,50.8,43.17
1966,7,106.9,20.91
1967,6,417.66,29.87
1968,7,378.77,7.24
1969,5,225.02,45.58


1970,3,202.86,34.48
1971,8,369.09,11.68
1972,8,187.67,29.82
1973,9,357.9,40.92
1974,1,55.17,30.21
1975,2,367.1,47.26
1976,8,392.03,40.69
1977,10,59.73,43.79
1978,10,434.43,39.88
1979,2,473.98,12.51


1980,8,185.23,19.61
1981,1,343.66,10.6
1982,6,264.95,41.7
1983,5,250.08,48.53
1984,7,471.38,20.29
1985,6,437.79,29.51
1986,4,420.47,37.51
1987,6,339.64,36.77
1988,4,63.5,18.9
1989,5,298.29,43.36


1990,7,435.47,45.0
1991,1,326.3,24.55
1992,9,63.59,48.14
1993,3,194.48,2.92
1994,8,328.39,49.92
1995,5,117.35,29.56
1996,8,445.84,16.02
1997,7,282.74,32.51
1998,7,337.86,29.6
1999,5,252.61,27.27


2000,3,81.04,13.68
2001,5,288.23,39.24
2002,6,206.79,34.57
2003,8,111.46,19.42
2004,5,362.06,11.57
2005,5,313.07,27.9
2006,2,125.41,49.83
2007,3,264.45,21.02
2008,10,383.17,16.35
2009,6,177.37,38.64


2010,1,170.54,22.96
2011,8,485.67,43.33
2012,9,56.05,25.95
2013,8,245.82,43.53
2014,3,68.16,39.92
2015,1,485.38,49.77
2016,1,118.9,37.25
2017,5,335.59,3.21
2018,8,193.97,25.41
2019,7,83.26,37.83


2020,9,178.25,13.0
2021,8,158.49,27.19
2022,10,293.68,3.94
2023,7,354.46,28.62
2024,3,119.44,37.52
2025,4,377.65,45.22
2026,9,140.96,20.55
2027,4,192.13,30.19
2028,3,217.7,1.73
2029,10,430.77,21.63


2030,3,191.91,30.14
2031,7,216.84,9.76
2032,3,91.38,25.22
2033,10,57.33,26.48
2034,10,375.41,37.38
2035,9,409.17,15.46
2036,3,193.6,37.35
2037,6,216.82,49.03
2038,9,194.27,12.39
2039,2,356.92,48.28


2040,9,278.14,39.49
2041,3,375.46,24.68
2042,5,381.32,21.14
2043,4,340.51,43.0
2044,1,361.67,37.34
2045,7,140.25,36.15
2046,5,374.29,47.72
2047,10,102.11,19.31
2048,4,56.74,18.76
2049,10,125.22,2.57


2050,1,143.65,32.25
2051,4,114.36,9.09
2052,5,249.12,16.25
2053,2,488.0,3.88
2054,10,387.24,6.7
2055,7,492.14,49.33
2056,4,404.56,33.83
2057,5,266.26,38.84
2058,2,417.74,30.08
2059,4,247.07,49.75


2060,4,441.77,34.3
2061,9,245.72,34.41
2062,4,427.24,13.25
2063,8,201.01,16.68
2064,4,262.62,7.34
2065,3,138.37,24.75
2066,2,126.93,6.54
2067,9,407.1,15.06
2068,4,104.25,27.72
2069,9,51.32,44.89


2070,1,485.98,29.81
2071,2,111.03,45.36
2072,2,495.48,21.89
2073,4,416.01,15.99
2074,7,180.44,10.66
2075,7,63.13,4.74
2076,3,435.12,42.61
2077,2,216.29,3.0
2078,2,412.32,17.15
2079,4,280.39,43.41


2080,9,261.27,48.1
2081,1,372.3,24.57
2082,7,322.1,35.61
2083,9,260.84,23.51
2084,3,295.95,43.6
2085,9,349.05,22.92
2086,8,277.27,15.65
2087,8,456.02,15.01
2088,10,140.83,46.76
2089,2,281.9,36.78


2090,9,463.44,2.49
2091,4,181.5,1.78
2092,7,462.86,42.11
2093,4,82.76,20.87
2094,6,204.07,47.06
2095,8,79.25,3.38
2096,4,344.82,31.99
2097,10,250.84,26.7
2098,3,209.07,45.52
2099,7,76.46,7.62


2100,10,337.09,9.32
2101,8,471.55,15.14
2102,6,411.37,36.46
2103,8,218.69,15.84
2104,6,159.71,4.28
2105,5,365.52,7.95
2106,2,288.96,48.13
2107,10,463.63,27.84
2108,6,234.0,22.29
2109,2,275.52,17.9


2110,1,243.76,6.37
2111,7,270.16,20.47
2112,3,85.93,27.54
2113,10,423.37,14.36
2114,4,79.81,32.68
2115,5,103.55,32.08
2116,7,448.48,17.35
2117,7,359.58,16.61
2118,9,399.9,30.03
2119,1,201.97,32.49


2120,7,125.09,12.05
2121,5,273.09,40.02
2122,7,376.78,22.81
2123,9,426.38,22.42
2124,9,404.77,34.89
2125,10,283.23,33.5
2126,1,205.81,2.75
2127,4,365.24,43.42
2128,2,161.5,2.91
2129,10,180.56,23.21


2130,1,375.06,45.96
2131,2,418.49,14.1
2132,3,78.49,43.96
2133,7,453.46,30.66
2134,6,51.44,30.52
2135,1,336.52,38.17
2136,10,79.56,13.37
2137,3,378.12,34.29
2138,9,70.87,25.93
2139,8,272.27,34.5


2140,4,298.65,13.44
2141,9,66.71,8.27
2142,8,404.01,45.43
2143,9,372.21,19.52
2144,9,131.42,38.6
2145,5,475.28,48.76
2146,8,152.04,43.96
2147,2,302.81,16.08
2148,4,466.78,25.45
2149,9,481.68,44.67


2150,7,443.17,44.28
2151,1,353.11,8.56
2152,9,141.97,11.21
2153,9,110.04,3.54
2154,7,206.18,25.9
2155,4,106.49,40.81
2156,1,319.35,48.35
2157,2,419.34,8.73
2158,2,454.83,23.31
2159,1,51.15,5.37


2160,3,233.41,46.15
2161,4,111.75,10.68
2162,9,376.7,34.69
2163,6,61.61,32.64
2164,8,120.58,4.66
2165,1,242.37,33.51
2166,1,221.6,3.38
2167,4,432.08,11.25
2168,5,349.12,42.17
2169,9,306.91,6.87


2170,5,128.26,22.59
2171,1,156.63,18.03
2172,10,302.32,31.31
2173,1,485.48,21.38
2174,9,239.28,24.6
2175,1,287.32,18.37
2176,7,275.1,21.62
2177,9,452.23,9.13
2178,4,446.93,39.09
2179,5,337.7,26.78


2180,10,50.37,3.89
2181,9,378.18,14.26
2182,4,181.15,43.65
2183,5,128.3,49.86
2184,5,458.33,37.84
2185,3,102.18,7.55
2186,8,131.95,45.9
2187,6,421.52,13.73
2188,6,282.61,14.32
2189,2,214.87,36.04


2190,9,374.67,6.71
2191,9,59.34,7.95
2192,5,69.83,1.53
2193,1,84.1,29.98
2194,5,184.16,31.18
2195,7,91.26,22.49
2196,7,51.77,46.01
2197,6,285.74,39.1
2198,5,187.21,16.0
2199,7,92.15,18.71


2200,3,135.8,40.94
2201,10,210.66,30.81
2202,5,111.75,6.86
2203,6,218.22,37.66
2204,4,409.95,27.75
2205,1,422.81,18.98
2206,8,312.5,13.6
2207,6,186.87,19.62
2208,9,303.24,35.41
2209,2,127.25,25.09


2210,7,56.28,30.9
2211,4,292.68,37.58
2212,10,185.68,23.8
2213,2,395.63,45.49
2214,6,200.9,8.21
2215,2,292.31,38.98
2216,4,226.06,49.83
2217,7,277.77,38.78
2218,10,120.08,13.75
2219,1,294.39,10.95


2220,4,415.86,2.42
2221,7,445.17,41.97
2222,1,347.57,27.72
2223,7,273.47,31.0
2224,2,72.5,13.42
2225,4,292.04,18.55
2226,2,220.74,33.53
2227,5,486.96,11.96
2228,9,435.31,31.95
2229,1,388.99,18.18


2230,9,499.44,34.15
2231,7,459.31,15.38
2232,8,55.62,34.86
2233,1,262.5,24.35
2234,1,191.19,29.86
2235,6,216.85,12.96
2236,6,336.21,20.76
2237,3,408.96,21.16
2238,7,144.0,34.21
2239,10,271.26,36.69


2240,6,77.8,44.17
2241,8,200.86,45.33
2242,4,450.87,33.69
2243,8,98.42,11.09
2244,9,52.26,27.62
2245,4,164.63,1.47
2246,4,233.02,42.59
2247,3,67.74,14.24
2248,3,431.19,39.23
2249,1,152.72,39.79


2250,9,202.52,11.01
2251,5,166.53,4.09
2252,6,275.82,35.73
2253,6,328.78,33.47
2254,5,419.96,26.17
2255,4,134.84,12.71
2256,10,379.83,30.21
2257,8,322.28,13.12
2258,3,198.13,10.85
2259,1,375.22,26.45


2260,10,314.54,33.52
2261,2,391.31,25.77
2262,1,224.41,46.22
2263,3,414.94,37.93
2264,4,59.13,26.25
2265,3,162.39,45.49
2266,10,82.99,2.13
2267,4,438.84,34.99
2268,3,457.62,39.32
2269,8,468.51,7.97


2270,9,484.76,11.93
2271,10,216.08,37.62
2272,9,226.29,43.3
2273,9,98.2,24.75
2274,4,456.77,9.48
2275,2,126.02,46.22
2276,1,136.5,10.86
2277,1,295.31,20.39
2278,6,147.54,49.92
2279,3,409.41,10.51


2280,10,54.22,37.49
2281,6,168.92,11.85
2282,3,103.06,28.06
2283,6,443.77,6.08
2284,6,134.92,48.23
2285,6,337.62,42.81
2286,5,138.41,8.89
2287,7,90.89,35.32
2288,3,110.12,39.15
2289,4,74.65,35.76


2290,6,351.09,27.46
2291,1,309.03,45.89
2292,7,391.99,22.85
2293,5,474.79,35.22
2294,6,403.7,29.6
2295,8,417.3,43.01
2296,2,168.71,2.34
2297,10,256.26,12.29
2298,8,112.18,20.43
2299,3,497.39,11.18


2300,10,102.21,18.22
2301,4,172.96,31.43
2302,1,103.7,22.96
2303,6,172.02,7.55
2304,3,66.7,18.91
2305,8,336.83,31.34
2306,1,131.52,46.37
2307,5,432.13,26.8
2308,9,342.28,48.76
2309,8,295.56,49.45


2310,6,210.75,42.39
2311,4,383.62,28.62
2312,3,422.94,9.67
2313,2,414.65,35.22
2314,7,113.02,48.57
2315,8,377.7,19.83
2316,7,123.45,34.98
2317,5,137.08,23.44
2318,3,423.31,6.48
2319,9,141.31,43.71


2320,10,320.42,30.78
2321,2,481.47,11.84
2322,4,323.75,14.03
2323,9,149.97,9.69
2324,7,234.26,34.81
2325,10,115.55,36.33
2326,8,151.36,40.01
2327,9,375.1,6.83
2328,7,107.91,38.15
2329,3,127.64,34.82


2330,10,368.64,3.08
2331,6,209.69,21.02
2332,2,344.51,40.62
2333,10,180.97,12.13
2334,6,75.02,28.92
2335,4,232.69,22.17
2336,8,367.0,16.9
2337,3,383.87,13.09
2338,9,310.75,49.31
2339,2,171.07,44.17


2340,4,213.1,3.41
2341,6,59.98,19.87
2342,4,193.33,19.99
2343,10,276.41,20.2
2344,4,101.6,4.2
2345,7,333.6,3.47
2346,4,475.92,29.49
2347,2,87.68,37.86
2348,10,323.55,34.08
2349,5,112.41,11.81


2350,2,161.9,21.25
2351,2,465.62,18.52
2352,8,399.03,17.77
2353,7,208.1,5.71
2354,3,316.01,37.28
2355,1,187.08,34.45
2356,6,392.57,3.66
2357,2,189.65,35.75
2358,2,485.36,12.35
2359,8,88.41,11.07


2360,9,422.6,44.04
2361,8,231.39,48.71
2362,5,132.51,14.81
2363,4,443.8,15.53
2364,6,349.39,1.06
2365,6,204.36,33.51
2366,7,387.53,11.52
2367,4,112.62,38.23
2368,5,83.69,2.92
2369,3,429.22,34.31


2370,10,212.81,43.35
2371,6,332.88,5.62
2372,7,479.33,12.37
2373,7,108.3,33.73
2374,10,163.49,2.53
2375,3,317.26,5.71
2376,1,122.84,24.68
2377,4,259.74,8.19
2378,2,230.9,6.66
2379,1,312.45,4.29


2380,10,262.94,33.05
2381,7,201.1,7.61
2382,9,253.91,1.24
2383,9,350.64,21.61
2384,3,339.72,26.48
2385,9,279.23,1.82
2386,10,117.08,37.52
2387,4,269.66,42.68
2388,1,448.64,19.1
2389,2,190.07,32.42


2390,10,108.34,39.36
2391,7,397.69,28.18
2392,10,384.81,11.69
2393,1,315.98,43.84
2394,2,348.23,31.83
2395,8,264.85,49.29
2396,4,153.83,31.01
2397,6,338.34,48.43
2398,7,456.15,8.92
2399,3,282.02,38.02


2400,2,176.33,15.19
2401,8,122.76,24.21
2402,9,186.98,5.96
2403,7,137.59,18.94
2404,5,175.02,47.23
2405,7,433.51,16.08
2406,1,163.78,10.28
2407,2,317.84,48.43
2408,7,495.25,34.3
2409,5,449.22,14.8


2410,8,228.98,42.99
2411,3,254.42,18.28
2412,10,330.51,26.07
2413,10,293.67,38.66
2414,10,429.22,32.21
2415,8,147.8,32.98
2416,9,351.18,5.8
2417,1,87.53,13.54
2418,7,485.41,8.74
2419,5,102.41,23.83


2420,5,175.03,26.2
2421,7,407.38,27.2
2422,5,64.84,38.58
2423,4,107.36,6.16
2424,1,283.28,41.2
2425,9,362.42,3.69
2426,1,191.97,48.64
2427,6,472.02,23.46
2428,10,100.34,29.57
2429,8,218.17,34.96


2430,7,207.39,4.77
2431,5,210.97,34.02
2432,5,246.81,30.15
2433,5,84.09,32.72
2434,3,145.2,11.76
2435,1,484.77,26.56
2436,10,189.58,24.71
2437,4,54.87,25.09
2438,6,311.63,32.56
2439,6,356.78,34.27


2440,3,157.76,9.18
2441,3,142.93,13.23
2442,5,86.94,3.1
2443,4,455.44,36.09
2444,5,195.2,46.81
2445,6,262.0,21.9
2446,2,437.33,33.86
2447,5,242.66,13.64
2448,5,337.02,43.04
2449,3,121.66,47.48


2450,10,352.07,13.33
2451,8,414.96,23.74
2452,2,456.94,27.95
2453,2,384.9,39.9
2454,9,386.32,1.63
2455,1,113.93,22.7
2456,10,200.22,16.12
2457,3,439.57,39.19
2458,1,482.0,20.12
2459,6,84.76,16.23


2460,2,102.04,21.06
2461,3,376.25,35.87
2462,10,265.66,13.24
2463,3,151.98,2.22
2464,10,368.43,3.41
2465,3,99.38,34.32
2466,8,268.21,12.13
2467,6,122.77,31.85
2468,3,339.28,8.06
2469,9,186.17,16.74


2470,7,156.2,40.91
2471,2,425.22,2.36
2472,2,391.39,43.59
2473,8,441.13,5.1
2474,10,169.32,37.83
2475,10,451.51,7.21
2476,6,113.03,30.84
2477,5,443.17,22.84
2478,1,460.41,37.14
2479,1,234.69,42.92


2480,4,414.58,38.3
2481,9,58.21,10.23
2482,7,316.04,39.74
2483,7,168.14,17.4
2484,6,81.07,29.34
2485,4,323.19,25.79
2486,8,210.6,26.92
2487,4,143.64,17.84
2488,3,415.5,24.37
2489,3,243.97,16.88


2490,3,259.72,18.9
2491,3,112.37,29.37
2492,2,248.5,22.15
2493,9,244.89,7.54
2494,2,432.34,23.42
2495,7,499.42,35.58
2496,3,176.56,31.11
2497,2,96.09,19.8
2498,7,155.23,33.54
2499,9,91.64,27.37


2500,5,426.8,23.29
2501,3,128.53,6.65
2502,9,148.36,21.46
2503,6,453.65,12.32
2504,1,119.67,25.55
2505,3,81.71,3.8
2506,3,231.55,13.26
2507,7,379.36,31.12
2508,4,206.07,17.88
2509,8,390.59,11.86


2510,7,401.87,29.73
2511,6,78.34,9.09
2512,7,162.15,18.64
2513,2,264.56,40.52
2514,3,164.55,17.28
2515,9,429.85,14.43
2516,5,75.81,30.78
2517,8,461.9,30.87
2518,1,71.66,9.28
2519,1,301.59,12.13


2520,10,400.02,2.52
2521,1,246.27,4.81
2522,2,412.99,6.65
2523,1,283.98,32.81
2524,2,74.3,26.17
2525,9,251.03,6.76
2526,5,270.77,38.11
2527,7,375.11,23.56
2528,3,316.18,45.81
2529,10,309.82,39.33


2530,6,52.56,15.97
2531,10,497.14,2.44
2532,3,276.22,32.3
2533,6,475.03,18.92
2534,5,485.38,28.95
2535,2,138.31,48.02
2536,4,404.13,43.96
2537,1,159.82,1.44
2538,9,393.34,15.43
2539,1,472.95,16.62


2540,1,253.9,23.21
2541,5,216.79,21.66
2542,1,473.59,30.85
2543,8,346.03,26.15
2544,8,348.8,15.08
2545,6,449.07,13.79
2546,7,389.41,34.23
2547,8,354.18,43.85
2548,4,396.42,8.75
2549,7,242.26,32.05


2550,4,398.41,47.17
2551,9,476.33,22.53
2552,2,187.21,25.84
2553,7,301.49,46.77
2554,1,170.81,32.42
2555,10,460.52,38.07
2556,4,101.84,24.54
2557,1,378.26,10.15
2558,10,130.87,4.72
2559,10,276.05,20.99


2560,4,158.73,26.61
2561,7,321.84,37.82
2562,2,492.88,3.05
2563,5,384.74,25.07
2564,5,299.12,22.14
2565,9,170.32,3.14
2566,6,367.75,37.76
2567,6,452.55,33.5
2568,5,179.93,22.89
2569,6,449.09,17.66


2570,4,51.34,19.43
2571,3,481.1,37.4
2572,7,137.13,11.01
2573,10,345.18,19.47
2574,9,123.33,22.12
2575,10,284.05,39.77
2576,9,358.97,46.61
2577,6,400.55,30.31
2578,10,478.42,37.36
2579,5,341.34,22.97


2580,9,273.36,47.84
2581,6,256.16,41.2
2582,7,307.04,40.54
2583,7,119.57,45.88
2584,9,90.28,32.12
2585,2,394.98,45.51
2586,4,302.23,16.26
2587,5,265.65,7.59
2588,2,461.95,22.47
2589,4,236.73,4.02


2590,4,89.2,25.16
2591,6,294.93,44.48
2592,10,168.86,24.82
2593,2,313.83,37.19
2594,5,481.79,11.21
2595,9,484.25,26.88
2596,4,381.09,1.49
2597,3,482.52,49.04
2598,8,92.05,17.98
2599,4,77.42,47.39


2600,2,298.76,38.04
2601,9,141.13,29.49
2602,8,366.72,23.89
2603,2,382.1,6.61
2604,9,143.39,25.16
2605,9,342.14,39.85
2606,5,258.99,3.55
2607,7,114.21,33.06
2608,3,74.44,8.91
2609,8,66.81,12.8


2610,8,486.9,12.88
2611,5,376.16,41.18
2612,1,381.03,38.95
2613,9,353.14,36.4
2614,7,109.3,29.59
2615,4,458.62,2.58
2616,6,70.59,46.69
2617,1,488.28,29.04
2618,9,195.89,36.26
2619,3,180.75,38.34


2620,10,302.72,1.99
2621,3,223.31,31.48
2622,4,155.78,37.11
2623,5,486.95,46.19
2624,9,355.01,7.03
2625,10,483.88,7.99
2626,9,280.48,27.06
2627,9,457.59,16.3
2628,4,122.89,25.02
2629,2,435.96,25.28


2630,7,147.41,12.68
2631,1,144.95,29.97
2632,3,79.43,13.3
2633,9,405.06,25.66
2634,6,313.4,48.7
2635,3,249.45,26.74
2636,3,69.76,4.36
2637,3,73.93,12.23
2638,9,458.2,48.92
2639,5,292.85,8.27


2640,4,136.0,48.33
2641,1,234.38,46.91
2642,3,497.86,12.06
2643,1,67.21,41.78
2644,8,354.94,16.87
2645,7,226.98,49.53
2646,3,335.39,22.96
2647,7,281.02,35.87
2648,5,389.06,8.86
2649,3,261.51,28.65


2650,10,435.58,49.9
2651,6,183.11,45.28
2652,9,309.91,24.29
2653,4,196.4,8.93
2654,6,434.18,19.78
2655,9,351.77,17.84
2656,9,298.48,48.78
2657,5,272.96,28.65
2658,4,404.63,11.44
2659,7,350.69,22.2


2660,4,440.38,47.57
2661,1,238.02,42.61
2662,5,175.9,44.69
2663,1,366.3,25.86
2664,4,217.34,50.0
2665,4,487.64,27.84
2666,9,51.86,39.76
2667,8,112.32,33.61
2668,4,445.11,47.99
2669,5,392.64,11.71


2670,4,67.52,26.57
2671,9,64.73,33.3
2672,7,282.29,13.61
2673,8,209.75,41.42
2674,7,396.01,10.37
2675,10,453.22,14.35
2676,8,455.44,23.14
2677,8,196.59,43.73
2678,7,196.06,21.23
2679,5,88.74,20.64


2680,5,226.9,16.63
2681,9,329.16,25.6
2682,6,310.23,29.76
2683,4,298.03,22.85
2684,2,236.75,31.12
2685,10,226.02,46.96
2686,5,79.73,24.47
2687,10,384.68,36.63
2688,2,257.97,30.26
2689,3,245.96,18.14


2690,10,231.65,43.37
2691,5,144.36,31.58
2692,9,167.02,30.87
2693,9,101.49,37.36
2694,7,232.61,23.49
2695,2,212.81,16.77
2696,3,115.33,38.9
2697,10,472.58,28.56
2698,1,56.99,22.85
2699,2,340.86,21.5


2700,4,158.56,17.44
2701,10,245.38,22.74
2702,6,155.21,31.46
2703,8,323.8,13.39
2704,5,143.96,8.19
2705,7,229.74,14.61
2706,9,269.82,46.27
2707,6,345.74,41.74
2708,4,418.29,9.51
2709,8,418.77,15.57


2710,9,116.29,37.59
2711,5,218.45,35.89
2712,1,54.61,8.37
2713,1,255.89,43.66
2714,1,365.2,23.93
2715,4,374.7,14.23
2716,6,438.69,20.32
2717,9,461.93,22.58
2718,3,181.56,31.79
2719,10,109.44,29.98


2720,2,391.23,38.45
2721,3,375.7,12.39
2722,3,315.08,37.8
2723,3,399.5,47.72
2724,3,172.93,12.95
2725,6,357.39,23.56
2726,10,381.38,2.06
2727,1,492.24,38.61
2728,5,118.07,4.8
2729,5,387.71,12.92


2730,4,267.76,6.98
2731,4,339.72,23.42
2732,2,494.34,11.98
2733,9,352.54,4.58
2734,5,74.17,7.82
2735,10,161.84,48.13
2736,6,457.07,30.42
2737,7,248.13,44.42
2738,7,102.52,34.55
2739,9,346.33,9.46


2740,7,266.39,12.85
2741,4,55.2,47.74
2742,3,155.03,4.91
2743,9,94.77,5.9
2744,8,247.41,13.73
2745,2,183.59,21.82
2746,4,183.57,11.77
2747,4,431.57,42.79
2748,8,378.02,45.7
2749,3,485.63,39.95


2750,1,358.3,29.47
2751,6,215.48,8.42
2752,9,309.84,42.08
2753,4,351.27,42.99
2754,4,104.55,22.43
2755,10,485.38,22.31
2756,7,481.79,22.24
2757,1,240.92,6.28
2758,2,374.63,1.3
2759,10,442.42,13.3


2760,9,271.22,8.94
2761,9,477.44,49.15
2762,3,364.74,11.57
2763,7,359.16,27.79
2764,1,416.34,11.39
2765,5,264.51,15.75
2766,7,203.22,22.07
2767,6,114.19,37.85
2768,10,457.95,17.55
2769,7,362.02,11.39


2770,10,224.07,13.97
2771,1,116.96,41.97
2772,8,402.3,40.58
2773,3,230.27,25.22
2774,5,297.94,9.78
2775,6,298.86,26.17
2776,6,158.55,8.3
2777,2,380.85,7.97
2778,4,53.4,6.97
2779,5,126.34,38.39


2780,4,332.35,13.09
2781,5,314.41,38.07
2782,1,369.63,31.14
2783,8,294.26,8.3
2784,5,86.27,15.53
2785,2,116.27,18.57
2786,3,328.73,25.14
2787,7,249.56,11.85
2788,10,251.81,48.3
2789,9,274.19,5.57


2790,3,98.19,31.81
2791,5,176.03,39.25
2792,4,373.55,24.87
2793,5,280.03,35.82
2794,2,260.79,29.04
2795,9,286.62,27.54
2796,7,342.43,4.21
2797,3,214.76,40.02
2798,9,451.27,47.65
2799,10,446.83,11.4


2800,2,412.59,19.76
2801,5,62.56,34.47
2802,8,233.25,26.86
2803,2,276.48,33.29
2804,5,217.36,31.2
2805,9,230.2,27.3
2806,6,491.68,36.19
2807,4,496.64,22.66
2808,6,428.11,5.58
2809,10,64.57,33.78


2810,8,201.25,36.44
2811,2,457.93,5.67
2812,6,347.73,20.78
2813,3,447.93,17.99
2814,3,62.81,49.54
2815,10,243.47,33.41
2816,9,138.62,47.29
2817,3,166.13,42.96
2818,5,471.35,47.87
2819,2,163.13,38.03


2820,4,268.82,42.36
2821,5,233.96,26.53
2822,10,66.73,21.9
2823,9,444.67,1.2
2824,3,119.65,37.55
2825,6,161.99,30.21
2826,1,100.11,20.52
2827,10,468.87,9.91
2828,3,105.1,45.42
2829,7,441.48,31.23


2830,6,478.72,43.04
2831,3,139.21,22.76
2832,4,347.35,29.65
2833,5,415.0,21.52
2834,5,203.0,16.65
2835,2,471.05,36.37
2836,7,352.9,25.39
2837,6,87.87,5.89
2838,4,176.95,41.76
2839,1,123.79,13.42


2840,5,294.98,21.7
2841,1,230.25,30.99
2842,4,308.08,21.23
2843,9,252.95,33.27
2844,10,454.37,4.76
2845,7,368.4,20.39
2846,1,62.94,6.37
2847,2,70.64,4.95
2848,2,491.14,11.26
2849,10,72.93,11.48


2850,7,158.05,38.54
2851,7,192.37,45.52
2852,3,51.62,49.74
2853,8,159.61,2.87
2854,8,217.88,7.5
2855,4,357.18,18.0
2856,4,152.39,35.93
2857,8,244.12,22.73
2858,4,259.36,19.19
2859,10,195.76,37.19


2860,7,266.37,34.12
2861,5,294.66,39.18
2862,3,137.11,2.35
2863,10,176.21,33.22
2864,3,395.13,12.12
2865,6,344.56,4.07
2866,3,201.92,26.62
2867,7,146.3,10.22
2868,5,188.27,31.55
2869,5,364.46,30.08


2870,2,108.93,25.03
2871,3,278.88,22.78
2872,2,447.44,2.15
2873,2,337.76,1.18
2874,1,329.64,1.76
2875,9,334.63,39.67
2876,3,211.59,10.22
2877,3,374.03,41.21
2878,1,437.59,20.46
2879,3,178.39,10.42


2880,4,147.09,48.01
2881,2,135.63,35.14
2882,10,319.19,38.15
2883,8,153.89,5.79
2884,1,93.93,6.42
2885,2,230.91,24.91
2886,9,124.42,47.32
2887,4,231.65,15.78
2888,1,172.27,42.91
2889,8,412.98,15.83


2890,2,483.85,6.91
2891,7,371.74,37.97
2892,7,58.98,25.33
2893,3,76.39,23.76
2894,7,65.34,32.79
2895,2,274.72,24.89
2896,4,115.09,19.97
2897,4,335.12,7.98
2898,1,402.92,7.1
2899,7,333.79,42.34


2900,2,245.34,19.21
2901,10,241.37,31.1
2902,4,489.39,28.79
2903,7,409.68,6.57
2904,8,128.9,45.77
2905,3,324.4,16.12
2906,5,491.25,29.25
2907,2,224.43,28.39
2908,7,290.52,28.75
2909,10,93.54,35.24


2910,8,311.77,44.9
2911,4,437.92,47.2
2912,7,249.46,8.67
2913,4,232.03,5.6
2914,7,200.97,24.85
2915,8,286.79,46.26
2916,3,155.91,5.57
2917,3,122.75,22.38
2918,6,325.09,7.97
2919,8,147.44,18.17


2920,6,165.23,31.99
2921,7,114.29,5.29
2922,8,297.41,3.9
2923,9,236.28,36.07
2924,10,106.66,36.85
2925,4,67.15,25.87
2926,8,83.07,27.04
2927,3,439.32,37.54
2928,9,247.3,4.39
2929,6,145.95,46.41


2930,9,102.09,40.98
2931,3,194.63,12.24
2932,8,92.33,17.87
2933,7,412.37,26.14
2934,10,378.25,19.13
2935,4,165.28,3.32
2936,5,110.12,41.98
2937,9,173.47,32.31
2938,8,306.0,14.27
2939,5,92.37,29.79


2940,7,123.21,7.19
2941,7,397.59,28.19
2942,8,109.35,21.49
2943,6,389.0,13.95
2944,3,218.34,47.77
2945,7,496.72,25.35
2946,3,370.06,2.01
2947,7,438.72,30.37
2948,3,351.46,49.42
2949,9,373.97,3.96


2950,4,490.05,3.56
2951,5,307.68,11.78
2952,6,113.47,35.49
2953,8,217.66,18.7
2954,1,455.82,39.93
2955,3,491.98,11.15
2956,4,65.32,27.8
2957,1,361.36,4.32
2958,5,161.68,14.87
2959,8,145.99,4.01


2960,6,238.61,20.35
2961,2,434.71,43.15
2962,3,283.34,3.52
2963,10,235.69,3.4
2964,3,200.15,30.41
2965,8,109.13,3.64
2966,3,108.82,43.27
2967,3,498.97,21.34
2968,6,319.87,6.76
2969,6,433.74,17.2


2970,7,243.41,6.98
2971,10,379.77,41.92
2972,8,204.6,22.02
2973,7,199.89,28.12
2974,4,332.41,44.24
2975,9,247.69,12.51
2976,1,403.13,23.46
2977,9,390.73,22.97
2978,8,397.32,29.6
2979,8,95.55,35.14


2980,4,135.86,13.79
2981,10,445.49,49.94
2982,10,89.12,2.04
2983,5,320.61,6.25
2984,6,193.88,6.08
2985,5,197.29,35.21
2986,5,400.86,10.37
2987,3,180.7,18.12
2988,4,152.5,40.47
2989,4,198.09,46.51


2990,7,86.39,45.26
2991,7,177.8,1.85
2992,1,109.74,18.52
2993,9,470.79,1.56
2994,3,93.49,8.24
2995,5,58.06,47.52
2996,5,262.69,9.04
2997,7,70.32,28.06
2998,7,253.32,39.47
2999,8,317.97,35.41


3000,4,151.42,27.8
3001,10,432.48,31.27
3002,9,384.11,38.75
3003,2,139.14,47.6
3004,1,151.47,12.36
3005,10,280.63,14.58
3006,2,461.77,31.48
3007,2,381.47,1.89
3008,3,349.33,33.25
3009,8,131.35,38.84


3010,10,398.66,11.38
3011,7,292.76,16.07
3012,9,358.34,11.92
3013,3,350.63,17.1
3014,7,354.39,11.98
3015,9,282.53,49.57
3016,5,161.36,47.54
3017,3,300.46,21.09
3018,4,356.46,20.14
3019,1,281.64,13.43


3020,9,280.56,33.88
3021,6,335.48,46.6
3022,4,371.27,40.7
3023,9,443.24,18.67
3024,5,195.91,19.5
3025,6,389.05,1.49
3026,4,142.57,10.91
3027,3,274.72,16.75
3028,4,490.74,33.66
3029,4,209.73,10.13


3030,9,73.32,6.58
3031,8,129.48,22.17
3032,7,451.7,12.27
3033,5,98.07,39.09
3034,9,172.73,46.21
3035,9,420.18,8.76
3036,6,302.68,36.44
3037,1,322.03,7.06
3038,10,343.51,28.78
3039,2,121.73,40.47


3040,6,169.68,25.23
3041,1,302.11,48.81
3042,1,258.31,37.43
3043,6,263.81,49.85
3044,5,186.49,7.59
3045,8,234.68,9.78
3046,3,209.07,40.79
3047,7,284.68,29.62
3048,2,74.32,11.51
3049,5,157.03,20.12


3050,10,359.41,26.66
3051,6,51.7,25.17
3052,5,52.07,7.94
3053,8,202.93,45.9
3054,9,377.4,41.85
3055,6,232.74,24.45
3056,8,219.5,14.79
3057,2,449.66,28.35
3058,4,263.32,38.23
3059,3,63.11,47.62


3060,9,445.14,25.34
3061,7,97.72,9.99
3062,8,103.51,31.97
3063,5,118.17,24.61
3064,1,81.28,19.3
3065,1,267.46,24.36
3066,3,121.6,29.38
3067,7,92.29,32.93
3068,7,378.63,23.11
3069,3,203.74,26.78


3070,8,120.98,12.92
3071,4,56.08,4.58
3072,6,178.27,1.46
3073,1,281.2,41.76
3074,3,252.79,10.23
3075,3,51.79,24.61
3076,9,123.96,39.55
3077,4,400.06,12.03
3078,8,463.67,43.25
3079,2,201.42,23.23


3080,3,427.35,11.76
3081,2,463.93,36.95
3082,7,391.54,2.52
3083,8,68.7,40.86
3084,7,381.55,21.81
3085,1,123.26,45.41
3086,7,381.05,19.08
3087,2,392.32,1.28
3088,3,338.05,15.46
3089,9,488.02,32.15


3090,6,435.83,40.02
3091,2,459.21,6.81
3092,10,483.0,17.99
3093,7,155.15,49.95
3094,5,260.14,42.59
3095,6,119.05,20.25
3096,8,352.19,15.77
3097,10,403.53,6.27
3098,9,302.6,45.97
3099,5,307.03,38.51


3100,8,405.53,12.36
3101,4,223.96,18.28
3102,8,336.75,26.31
3103,10,428.71,10.71
3104,7,288.13,32.24
3105,4,476.89,43.23
3106,9,479.76,7.72
3107,3,180.53,7.07
3108,8,374.92,40.24
3109,3,398.91,26.93


3110,5,68.55,16.12
3111,7,498.19,3.44
3112,9,408.9,20.49
3113,4,112.65,43.59
3114,7,323.9,34.05
3115,2,430.77,28.2
3116,6,118.01,10.62
3117,2,272.23,29.72
3118,6,87.58,32.37
3119,10,460.38,35.19


3120,9,401.9,17.88
3121,5,334.2,43.52
3122,9,212.94,9.43
3123,3,415.35,28.3
3124,4,363.15,14.36
3125,1,470.5,20.68
3126,7,256.47,48.42
3127,3,186.7,38.4
3128,9,255.11,13.13
3129,8,486.82,14.27


3130,2,459.72,2.27
3131,6,174.26,13.37
3132,10,488.14,35.51
3133,2,325.78,26.03
3134,9,81.75,21.15
3135,8,320.36,14.12
3136,9,459.65,14.44
3137,9,459.29,12.87
3138,2,51.46,12.47
3139,8,108.77,15.37


3140,7,496.64,48.39
3141,7,490.49,5.04
3142,1,209.19,34.14
3143,10,105.09,24.39
3144,1,420.83,45.53
3145,9,382.74,33.95
3146,10,246.49,46.37
3147,5,278.89,46.95
3148,9,493.96,25.32
3149,10,98.96,43.42


3150,2,376.37,18.9
3151,7,60.13,41.36
3152,1,242.38,28.09
3153,2,226.62,36.53
3154,10,241.48,49.43
3155,5,236.37,46.38
3156,8,257.11,24.14
3157,9,97.53,12.7
3158,8,133.3,29.39
3159,5,403.33,25.33


3160,10,284.68,8.93
3161,1,296.62,7.37
3162,10,91.73,1.1
3163,2,468.55,49.03
3164,5,214.64,35.6
3165,5,369.11,33.63
3166,4,169.67,29.68
3167,1,217.29,47.85
3168,3,389.25,41.27
3169,8,287.17,11.65


3170,7,260.11,16.52
3171,3,432.71,46.23
3172,1,441.94,20.39
3173,8,87.51,49.7
3174,1,324.07,44.81
3175,9,239.3,32.45
3176,10,142.22,7.49
3177,9,204.27,35.72
3178,7,115.67,4.36
3179,3,284.11,42.89


3180,6,312.08,11.54
3181,1,350.83,14.29
3182,7,107.42,8.48
3183,7,268.57,25.96
3184,5,301.89,45.15
3185,8,321.82,21.33
3186,10,365.75,12.37
3187,10,155.62,15.65
3188,7,130.87,26.43
3189,10,471.29,42.87


3190,2,355.43,21.23
3191,3,385.3,47.35
3192,7,82.47,38.72
3193,1,244.1,15.76
3194,8,308.5,6.19
3195,4,194.25,41.47
3196,8,482.03,26.71
3197,9,178.58,29.12
3198,2,131.1,9.58
3199,4,215.53,30.76


3200,5,367.45,34.7
3201,3,78.61,14.68
3202,2,178.87,15.0
3203,8,313.32,14.05
3204,6,253.54,31.23
3205,5,158.82,37.77
3206,8,77.01,19.25
3207,5,168.42,21.68
3208,9,311.48,6.3
3209,2,428.99,43.89


3210,9,485.18,1.97
3211,10,464.34,13.81
3212,6,463.86,5.48
3213,6,356.63,20.49
3214,3,95.52,16.55
3215,8,186.84,44.59
3216,3,347.65,10.59
3217,1,319.82,40.93
3218,1,424.33,1.03
3219,2,206.46,5.64


3220,3,463.26,42.53
3221,4,305.26,34.17
3222,9,115.1,21.52
3223,8,317.74,20.16
3224,5,387.29,46.23
3225,9,225.85,5.42
3226,6,343.2,36.55
3227,4,471.64,3.8
3228,2,169.78,34.74
3229,7,316.49,42.84


3230,9,307.5,39.03
3231,4,238.82,48.49
3232,1,166.19,23.07
3233,2,149.64,15.02
3234,5,437.26,19.16
3235,10,148.53,14.78
3236,1,77.51,27.5
3237,7,111.37,15.53
3238,1,232.78,11.47
3239,3,237.41,16.25


3240,9,472.87,22.98
3241,10,235.53,15.74
3242,1,115.28,33.93
3243,3,159.97,44.73
3244,10,483.56,28.3
3245,6,459.47,24.66
3246,6,68.46,29.25
3247,9,234.64,15.5
3248,8,96.46,23.65
3249,9,50.77,49.36


3250,5,290.05,40.92
3251,10,380.15,15.61
3252,3,55.95,16.8
3253,6,397.65,27.2
3254,10,143.91,39.02
3255,6,186.9,41.51
3256,4,496.07,8.23
3257,3,92.81,4.96
3258,5,295.08,3.99
3259,5,219.45,25.66


3260,7,368.02,46.48
3261,2,289.11,4.64
3262,5,412.81,38.85
3263,9,393.1,25.98
3264,10,462.86,22.07
3265,1,133.45,21.72
3266,4,208.16,35.48
3267,2,322.12,21.02
3268,10,410.16,48.18
3269,2,377.06,13.21


3270,1,110.19,26.12
3271,2,265.53,47.65
3272,9,131.85,19.37
3273,3,107.06,1.53
3274,6,142.75,46.1
3275,3,422.7,44.69
3276,8,370.65,15.85
3277,9,150.18,25.13
3278,9,341.17,39.88
3279,7,273.86,38.51


3280,6,173.35,49.11
3281,7,91.3,12.3
3282,4,306.27,47.37
3283,1,392.67,8.46
3284,6,415.28,40.31
3285,8,90.02,14.47
3286,8,364.66,7.18
3287,4,328.6,28.22
3288,4,390.19,7.27
3289,2,397.45,27.46


3290,7,478.7,31.78
3291,2,428.42,5.34
3292,6,384.06,33.83
3293,10,461.12,27.02
3294,7,199.61,5.46
3295,7,206.42,44.55
3296,10,105.07,19.28
3297,3,117.49,29.7
3298,5,307.86,35.78
3299,1,472.0,3.26


3300,7,360.43,25.86
3301,6,429.38,38.93
3302,10,99.35,29.47
3303,2,447.13,34.88
3304,9,404.92,28.2
3305,1,126.56,37.31
3306,4,53.16,28.32
3307,8,162.94,45.32
3308,7,133.23,4.72
3309,2,123.6,45.68


3310,1,270.89,46.74
3311,7,358.22,28.82
3312,4,107.68,3.75
3313,3,463.03,12.63
3314,4,86.28,35.81
3315,3,401.2,7.94
3316,10,455.5,12.09
3317,7,55.38,28.57
3318,10,325.54,42.85
3319,9,472.82,33.34


3320,7,215.22,7.1
3321,9,143.91,16.42
3322,3,106.12,26.52
3323,3,107.08,32.68
3324,10,172.28,23.0
3325,5,189.96,8.12
3326,3,139.03,20.54
3327,9,227.79,22.15
3328,6,449.36,14.71
3329,9,107.62,10.58


3330,3,401.15,25.84
3331,9,438.52,49.15
3332,4,409.18,36.14
3333,10,255.46,43.33
3334,4,135.78,21.09
3335,7,344.18,31.38
3336,6,485.19,48.77
3337,3,175.48,12.42
3338,10,248.15,29.69
3339,2,72.35,24.65


3340,6,154.35,38.87
3341,8,195.85,37.48
3342,6,455.29,14.16
3343,4,132.08,46.43
3344,3,140.12,43.99
3345,6,156.65,49.73
3346,9,321.15,37.68
3347,5,142.24,46.55
3348,4,410.26,27.82
3349,4,236.8,47.84


3350,4,257.71,8.18
3351,10,402.52,24.77
3352,8,296.93,41.16
3353,10,268.66,6.13
3354,7,391.73,20.17
3355,1,408.56,34.26
3356,3,186.52,35.69
3357,1,207.89,23.31
3358,6,465.56,47.44
3359,5,292.79,49.97


3360,4,167.72,5.01
3361,10,261.68,43.81
3362,2,287.03,27.47
3363,10,430.6,8.25
3364,5,262.23,6.64
3365,7,390.88,40.48
3366,2,247.69,19.56
3367,1,369.9,14.17
3368,4,147.87,17.83
3369,5,396.49,9.37


3370,9,477.62,32.06
3371,5,99.71,45.56
3372,7,261.71,36.69
3373,10,459.63,7.73
3374,3,229.43,9.45
3375,7,214.64,47.2
3376,5,71.67,19.23
3377,5,403.75,40.94
3378,10,353.24,39.2
3379,6,435.79,22.36


3380,3,352.71,39.34
3381,7,179.12,36.36
3382,8,118.57,49.75
3383,10,370.65,1.08
3384,7,78.36,35.6
3385,7,91.82,9.72
3386,1,422.46,21.08
3387,7,428.26,30.29
3388,5,335.35,21.42
3389,1,419.93,32.16


3390,5,92.58,4.72
3391,8,156.8,12.61
3392,7,271.14,22.04
3393,6,377.03,6.73
3394,8,168.5,10.93
3395,6,493.34,32.34
3396,2,184.9,33.65
3397,2,247.96,40.99
3398,5,91.25,26.31
3399,8,234.22,47.76


3400,10,62.46,17.84
3401,9,60.68,22.21
3402,5,106.79,18.42
3403,2,156.9,15.54
3404,4,231.95,21.17
3405,8,66.98,12.0
3406,10,371.98,34.99
3407,10,348.94,7.57
3408,1,367.46,19.14
3409,6,492.88,7.71


3410,1,59.5,36.67
3411,3,459.87,13.21
3412,8,475.69,18.19
3413,9,252.1,23.29
3414,2,357.44,16.98
3415,10,432.41,13.53
3416,8,75.17,29.79
3417,6,195.41,23.89
3418,9,469.86,31.67
3419,8,194.23,9.57


3420,1,298.03,33.81
3421,4,378.57,39.22
3422,2,103.19,24.85
3423,5,333.7,18.9
3424,2,354.1,45.58
3425,2,432.36,33.12
3426,9,419.39,29.99
3427,4,209.69,34.9
3428,5,334.51,26.67
3429,2,226.59,35.45


3430,9,192.36,49.16
3431,10,275.89,7.84
3432,5,183.3,19.83
3433,10,286.04,10.04
3434,1,451.32,35.74
3435,2,337.65,39.35
3436,6,117.16,2.0
3437,2,376.68,21.09
3438,2,340.44,44.52
3439,6,245.75,21.07


3440,2,138.41,35.07
3441,4,420.04,28.05
3442,3,336.9,10.98
3443,3,150.1,34.22
3444,2,462.33,19.76
3445,10,115.43,27.42
3446,4,282.1,25.64
3447,9,442.43,46.28
3448,3,369.39,8.21
3449,9,451.39,25.0


3450,7,250.67,8.96
3451,2,259.66,3.09
3452,1,146.36,26.74
3453,4,394.86,33.25
3454,9,87.26,9.31
3455,7,328.94,22.71
3456,2,52.92,39.63
3457,5,225.99,31.08
3458,3,489.14,2.84
3459,6,326.81,22.91


3460,8,125.71,13.35
3461,2,414.85,27.8
3462,4,456.77,29.42
3463,9,384.36,4.2
3464,2,105.82,24.93
3465,8,82.92,45.34
3466,10,129.77,17.57
3467,3,310.2,41.09
3468,7,55.39,48.8
3469,6,52.97,35.33


3470,4,147.35,29.0
3471,9,357.31,9.23
3472,6,301.22,46.51
3473,3,414.1,48.72
3474,3,470.47,15.19
3475,2,145.57,33.79
3476,2,223.01,48.88
3477,3,141.34,37.71
3478,1,163.05,46.22
3479,10,491.02,43.67


3480,5,456.96,48.88
3481,5,355.17,28.05
3482,6,187.36,39.33
3483,6,75.31,17.48
3484,4,434.34,14.06
3485,6,336.11,15.78
3486,5,298.33,43.45
3487,2,403.41,42.76
3488,1,262.73,37.54
3489,4,239.2,45.87


3490,9,430.07,13.8
3491,9,171.56,4.15
3492,8,312.11,8.96
3493,10,423.87,8.77
3494,8,467.95,30.19
3495,3,125.54,18.8
3496,1,65.44,36.49
3497,1,180.52,23.05
3498,3,366.2,19.37
3499,10,281.19,13.81


3500,9,350.52,25.56
3501,3,495.0,22.61
3502,10,464.12,15.11
3503,7,308.09,15.39
3504,2,412.13,31.71
3505,2,470.69,8.82
3506,2,404.12,43.06
3507,10,348.44,25.8
3508,7,165.9,12.31
3509,10,130.1,29.48


3510,3,337.68,40.74
3511,1,341.3,22.0
3512,9,196.09,33.61
3513,9,258.3,15.1
3514,9,385.76,21.0
3515,6,139.26,43.44
3516,8,381.53,33.16
3517,10,255.04,4.26
3518,7,312.29,10.45
3519,1,320.4,40.95


3520,6,298.83,25.22
3521,8,300.89,21.5
3522,3,461.86,34.99
3523,2,406.53,26.59
3524,4,433.83,49.22
3525,9,174.21,45.93
3526,4,139.68,14.89
3527,8,375.72,24.75
3528,9,305.71,30.57
3529,1,218.15,3.44


3530,2,238.68,4.1
3531,5,143.96,48.3
3532,6,401.23,49.29
3533,10,408.93,26.89
3534,5,120.8,19.49
3535,7,78.82,34.83
3536,9,233.09,40.23
3537,5,242.95,18.16
3538,4,402.65,28.75
3539,2,254.32,41.41


3540,10,81.87,9.17
3541,3,251.99,49.38
3542,3,301.59,47.73
3543,10,495.32,17.36
3544,8,424.63,49.22
3545,2,149.28,30.27
3546,5,69.34,45.16
3547,8,276.73,15.37
3548,1,290.38,19.06
3549,10,465.72,42.96


3550,3,463.93,14.83
3551,4,62.97,37.62
3552,10,131.13,8.77
3553,4,103.95,10.42
3554,9,469.06,1.63
3555,8,60.95,49.64
3556,2,223.2,22.43
3557,7,260.74,31.8
3558,3,448.23,20.44
3559,5,339.82,17.21


3560,10,213.66,8.77
3561,3,208.64,28.0
3562,5,328.11,19.7
3563,9,266.93,17.02
3564,7,484.91,21.46
3565,3,88.0,17.37
3566,2,370.05,11.33
3567,3,130.24,1.18
3568,3,98.51,10.67
3569,2,394.37,34.37


3570,7,198.54,39.9
3571,10,230.51,35.32
3572,1,338.14,44.89
3573,7,343.6,12.18
3574,2,138.71,38.13
3575,6,399.75,17.99
3576,1,464.12,17.09
3577,2,136.64,35.8
3578,3,158.97,18.99
3579,1,198.31,11.36


3580,2,433.31,46.62
3581,6,132.8,8.4
3582,2,223.38,7.28
3583,1,385.93,3.73
3584,6,438.3,27.77
3585,5,350.01,23.41
3586,9,252.12,20.51
3587,2,231.23,45.95
3588,4,415.65,19.4
3589,8,178.77,20.6


3590,3,53.83,40.3
3591,8,242.3,21.86
3592,4,185.4,48.58
3593,1,441.91,39.75
3594,3,494.81,45.8
3595,1,359.33,49.9
3596,9,64.92,32.35
3597,5,359.01,22.62
3598,4,404.14,23.81
3599,6,405.52,43.03


3600,3,479.58,39.3
3601,10,440.85,18.77
3602,3,204.62,20.66
3603,7,146.89,13.02
3604,9,435.98,41.65
3605,1,152.14,37.69
3606,5,280.54,27.13
3607,1,173.5,3.31
3608,6,374.23,8.56
3609,1,402.64,25.81


3610,2,50.84,36.48
3611,2,174.43,3.03
3612,10,314.34,22.63
3613,1,333.83,26.15
3614,5,479.67,46.27
3615,1,370.32,23.22
3616,10,259.71,33.14
3617,1,117.99,29.27
3618,5,343.93,42.45
3619,8,77.26,10.72


3620,6,477.03,25.71
3621,4,248.32,11.48
3622,7,180.72,22.08
3623,8,428.66,31.73
3624,6,400.33,6.51
3625,1,348.53,23.0
3626,4,118.97,1.74
3627,4,308.45,1.03
3628,5,129.63,3.85
3629,8,158.63,16.76


3630,7,410.76,47.64
3631,5,311.89,44.43
3632,8,213.51,35.35
3633,10,360.66,3.86
3634,10,495.55,5.34
3635,2,363.24,20.38
3636,1,179.53,4.32
3637,5,166.59,3.89
3638,5,359.77,33.2
3639,4,484.37,4.79


3640,6,413.45,9.85
3641,10,122.75,3.09
3642,8,343.99,29.45
3643,3,90.38,48.26
3644,5,257.04,10.47
3645,2,340.8,15.9
3646,9,463.02,9.19
3647,1,400.88,43.94
3648,8,337.29,11.25
3649,9,75.88,23.07


3650,2,447.9,24.77
3651,1,487.52,40.28
3652,9,482.32,18.61
3653,10,58.14,30.08
3654,8,318.11,10.96
3655,4,84.23,27.43
3656,7,356.14,11.5
3657,8,450.03,11.64
3658,6,339.43,33.11
3659,6,365.7,3.84


3660,10,354.47,38.12
3661,2,124.03,18.6
3662,8,473.96,48.82
3663,9,210.17,32.59
3664,7,316.15,26.18
3665,5,212.88,10.57
3666,5,493.08,37.73
3667,8,456.43,46.91
3668,4,122.59,32.11
3669,1,309.1,33.63


3670,1,182.07,31.17
3671,2,496.48,34.97
3672,4,182.51,8.07
3673,6,384.24,16.42
3674,4,291.36,36.84
3675,6,89.08,41.09
3676,4,250.69,7.88
3677,2,167.16,39.25
3678,5,331.17,30.35
3679,2,476.74,7.57


3680,1,317.83,9.73
3681,1,179.28,14.73
3682,9,437.62,1.1
3683,10,266.9,42.15
3684,2,450.32,22.57
3685,9,252.33,48.1
3686,3,64.89,8.7
3687,4,343.45,39.49
3688,6,405.75,43.87
3689,4,440.7,38.95


3690,7,279.71,8.3
3691,5,425.5,4.33
3692,9,374.91,7.49
3693,9,122.67,24.65
3694,9,304.24,11.82
3695,3,465.44,7.38
3696,7,142.22,24.01
3697,3,193.44,11.87
3698,5,179.73,3.66
3699,3,147.86,10.76


3700,1,89.34,18.72
3701,1,313.09,22.94
3702,4,98.14,27.7
3703,3,337.7,6.11
3704,2,241.4,3.32
3705,7,484.29,12.79
3706,4,90.53,24.05
3707,10,342.55,9.61
3708,7,351.87,34.43
3709,4,137.24,5.26


3710,5,118.24,20.25
3711,9,254.26,4.59
3712,10,436.49,22.08
3713,3,410.93,40.16
3714,2,236.73,44.5
3715,8,239.78,27.51
3716,3,223.5,8.68
3717,4,87.32,1.56
3718,5,357.37,6.61
3719,7,323.99,20.36


3720,8,336.72,44.97
3721,8,424.68,20.65
3722,1,343.71,28.22
3723,2,207.13,27.18
3724,7,369.47,1.29
3725,2,483.81,22.08
3726,3,407.72,22.7
3727,8,180.11,27.81
3728,8,393.95,36.84
3729,9,211.89,30.97


3730,10,486.33,11.66
3731,10,313.54,23.16
3732,3,156.93,43.1
3733,3,369.86,45.99
3734,6,376.81,10.8
3735,4,143.3,27.66
3736,8,375.9,26.14
3737,4,371.99,13.19
3738,3,246.61,18.34
3739,7,79.0,49.4


3740,8,375.25,15.98
3741,1,168.36,10.47
3742,8,424.38,11.63
3743,9,441.76,19.37
3744,7,84.86,23.84
3745,2,194.05,32.42
3746,6,82.21,32.2
3747,6,267.76,36.22
3748,1,396.06,25.53
3749,5,373.29,20.0


3750,8,186.62,4.75
3751,6,314.84,2.52
3752,5,331.28,6.17
3753,4,257.3,23.2
3754,10,418.9,27.73
3755,4,329.36,34.16
3756,7,487.83,29.72
3757,6,86.39,35.35
3758,3,414.95,39.24
3759,8,445.93,32.17


3760,8,281.4,9.25
3761,1,225.06,8.68
3762,4,206.77,2.1
3763,5,263.57,25.73
3764,10,76.59,44.35
3765,3,414.0,36.21
3766,5,274.16,16.22
3767,2,196.93,43.48
3768,2,160.56,4.9
3769,7,191.44,36.53


3770,9,71.37,7.71
3771,5,417.73,27.76
3772,5,148.41,29.18
3773,4,346.6,4.38
3774,9,139.44,20.93
3775,5,480.48,6.43
3776,3,77.84,48.56
3777,10,117.92,44.16
3778,6,367.21,1.38
3779,3,231.39,25.58


3780,5,396.15,43.38
3781,10,492.54,21.87
3782,5,437.26,18.57
3783,7,226.75,49.95
3784,10,335.76,32.77
3785,5,404.1,23.46
3786,9,174.76,37.41
3787,2,458.93,38.29
3788,2,307.3,4.36
3789,8,494.71,41.88


3790,8,99.15,24.98
3791,4,285.38,38.94
3792,3,341.35,7.08
3793,6,458.68,21.03
3794,3,72.04,20.48
3795,8,211.35,46.2
3796,5,56.7,44.97
3797,3,57.17,33.74
3798,6,436.88,5.62
3799,2,185.19,30.3


3800,9,485.45,22.77
3801,8,206.44,44.78
3802,5,482.16,35.81
3803,5,442.83,18.84
3804,8,252.98,47.8
3805,2,59.08,2.26
3806,5,243.57,47.42
3807,3,344.9,36.99
3808,5,195.7,43.15
3809,9,188.5,21.88


3810,1,427.05,22.78
3811,10,278.78,32.1
3812,1,339.31,5.01
3813,2,464.97,39.44
3814,9,486.76,22.81
3815,5,391.14,43.43
3816,5,242.27,38.44
3817,10,139.86,26.81
3818,4,174.12,43.72
3819,2,198.43,35.71


3820,1,102.77,22.85
3821,1,141.62,3.39
3822,2,110.38,12.05
3823,3,85.69,30.59
3824,4,327.98,44.6
3825,8,95.22,40.58
3826,6,309.23,36.82
3827,6,91.65,10.55
3828,5,439.53,8.74
3829,6,371.2,25.65


3830,8,342.92,30.52
3831,1,470.71,30.31
3832,4,337.34,14.9
3833,2,434.44,43.0
3834,7,187.51,16.39
3835,10,439.08,4.92
3836,6,347.58,35.43
3837,8,491.46,32.94
3838,3,136.46,28.83
3839,6,73.6,40.67


3840,1,360.73,25.29
3841,6,58.58,46.1
3842,4,186.62,6.83
3843,2,324.58,45.48
3844,9,53.12,42.11
3845,8,451.27,16.11
3846,8,314.1,11.97
3847,3,380.87,46.51
3848,4,289.35,22.27
3849,7,210.62,46.06


3850,8,415.88,38.03
3851,6,496.6,8.52
3852,1,127.22,41.64
3853,5,242.54,26.32
3854,2,62.56,49.2
3855,5,190.27,32.12
3856,2,82.45,18.01
3857,6,421.02,30.87
3858,2,65.34,23.73
3859,8,232.05,15.04


3860,6,377.09,42.64
3861,7,96.41,30.21
3862,10,323.7,29.72
3863,2,310.42,41.18
3864,3,203.38,25.66
3865,5,375.88,49.2
3866,1,251.33,40.19
3867,8,55.01,6.53
3868,6,296.7,5.14
3869,10,476.5,27.77


3870,9,332.42,24.53
3871,6,186.32,1.24
3872,8,201.67,30.2
3873,8,342.78,9.88
3874,9,257.23,33.63
3875,7,406.96,31.47
3876,5,350.98,26.34
3877,2,108.6,13.38
3878,2,77.63,33.82
3879,10,392.08,2.38


3880,9,56.57,39.85
3881,8,198.36,41.62
3882,9,215.89,31.52
3883,2,249.86,9.93
3884,8,195.47,49.07
3885,8,106.3,20.83
3886,4,168.59,29.35
3887,3,101.74,7.72
3888,10,171.89,20.71
3889,3,220.14,29.83


3890,4,432.33,45.55
3891,6,82.08,38.87
3892,7,359.67,1.72
3893,8,432.26,16.25
3894,3,223.54,27.87
3895,8,254.87,3.96
3896,4,420.9,36.59
3897,6,247.13,24.51
3898,5,394.58,40.75
3899,5,364.5,16.12


3900,9,169.75,12.78
3901,9,393.56,35.69
3902,1,411.72,15.43
3903,3,115.7,41.37
3904,6,180.92,25.93
3905,9,439.93,10.36
3906,1,170.69,45.7
3907,3,395.19,49.34
3908,10,78.67,46.74
3909,4,64.27,12.07


3910,4,246.11,1.34
3911,5,385.03,29.31
3912,2,269.04,48.67
3913,3,488.22,33.72
3914,4,66.17,11.71
3915,1,93.75,35.14
3916,1,262.72,3.56
3917,2,216.1,44.44
3918,9,242.41,31.35
3919,4,252.98,7.59


3920,10,482.36,41.57
3921,5,105.66,16.79
3922,8,383.36,38.74
3923,8,393.61,27.14
3924,6,330.39,24.06
3925,4,348.12,37.66
3926,4,82.74,38.07
3927,7,320.05,16.73
3928,3,408.19,10.25
3929,2,126.89,10.72


3930,9,213.5,12.28
3931,4,197.43,46.76
3932,3,194.76,19.17
3933,7,167.14,38.14
3934,5,77.5,8.56
3935,5,279.22,4.68
3936,9,277.49,48.36
3937,2,498.12,18.91
3938,9,346.68,21.69
3939,3,312.93,32.36


3940,9,307.84,10.4
3941,5,350.87,18.78
3942,1,157.39,8.83
3943,6,410.96,36.46
3944,7,255.14,6.84
3945,5,482.69,6.7
3946,9,223.53,32.19
3947,5,242.63,21.62
3948,8,470.81,36.59
3949,10,207.71,29.04


3950,7,136.79,29.22
3951,1,238.15,25.9
3952,9,187.66,43.29
3953,3,419.81,14.82
3954,7,228.69,22.76
3955,10,173.7,18.27
3956,5,336.43,13.19
3957,6,338.51,38.28
3958,8,82.44,35.39
3959,10,164.54,23.83


3960,1,98.52,2.4
3961,10,261.18,31.06
3962,8,233.05,6.14
3963,6,480.16,43.72
3964,3,317.55,42.81
3965,10,89.87,34.53
3966,4,272.73,22.89
3967,6,142.75,21.63
3968,5,217.34,5.32
3969,2,239.09,46.33


3970,7,56.2,45.21
3971,3,146.92,11.17
3972,7,224.31,42.02
3973,6,492.39,14.59
3974,8,286.65,42.56
3975,3,165.96,45.8
3976,5,243.58,45.64
3977,10,412.22,33.07
3978,8,415.02,35.93
3979,8,101.08,3.97


3980,4,440.33,25.17
3981,1,497.48,11.07
3982,2,93.31,43.48
3983,1,268.85,22.02
3984,3,291.04,15.55
3985,7,264.8,35.49
3986,7,152.91,8.82
3987,3,205.28,18.95
3988,3,340.32,38.62
3989,3,334.13,38.58


3990,9,318.68,38.32
3991,9,342.28,19.85
3992,9,171.25,25.58
3993,10,416.45,34.66
3994,6,320.05,32.52
3995,8,167.77,10.61
3996,8,342.73,44.87
3997,9,401.97,39.68
3998,4,159.44,16.35
3999,9,123.55,20.3


4000,5,238.53,5.67
4001,6,291.83,4.83
4002,6,245.12,7.6
4003,2,150.55,15.26
4004,7,58.62,26.52
4005,2,228.34,2.91
4006,3,411.95,2.99
4007,8,144.83,21.5
4008,4,133.84,10.16
4009,7,139.68,47.18


4010,10,243.72,29.59
4011,4,376.64,22.3
4012,9,380.3,40.48
4013,1,147.85,39.41
4014,1,375.24,15.52
4015,5,119.26,6.02
4016,10,190.94,42.16
4017,8,311.22,8.72
4018,6,217.61,13.58
4019,4,331.78,36.58


4020,4,130.79,40.6
4021,4,418.75,6.33
4022,1,141.22,2.96
4023,8,94.14,43.41
4024,7,461.5,21.52
4025,6,323.48,8.09
4026,6,492.95,26.96
4027,6,232.21,7.77
4028,9,124.79,33.45
4029,6,111.34,35.09


4030,1,385.37,12.0
4031,1,160.21,44.13
4032,6,252.96,1.2
4033,9,453.24,33.88
4034,6,139.86,33.05
4035,7,254.35,29.18
4036,9,174.25,15.49
4037,9,114.16,27.45
4038,9,482.97,34.02
4039,10,203.08,38.06


4040,10,189.88,18.74
4041,9,365.2,27.73
4042,2,116.09,30.34
4043,6,53.92,18.23
4044,3,466.93,23.1
4045,1,362.83,47.84
4046,5,278.71,40.69
4047,6,471.14,41.33
4048,3,448.63,11.67
4049,8,165.02,2.06


4050,4,54.26,16.99
4051,9,317.22,1.99
4052,4,397.73,25.27
4053,1,415.06,6.13
4054,6,140.86,45.56
4055,6,142.93,4.21
4056,3,427.47,6.99
4057,9,146.31,35.56
4058,10,241.81,38.44
4059,5,178.11,16.7


4060,4,290.27,40.67
4061,1,171.95,34.79
4062,4,346.99,33.89
4063,6,494.69,49.39
4064,4,63.4,11.94
4065,6,246.25,34.71
4066,5,243.6,34.02
4067,8,413.35,32.53
4068,8,236.24,34.89
4069,2,64.72,9.85


4070,9,173.99,9.51
4071,9,471.38,48.39
4072,5,80.41,7.85
4073,5,438.51,3.62
4074,5,365.99,25.6
4075,1,204.31,48.77
4076,8,353.13,1.08
4077,4,444.79,19.49
4078,8,380.58,7.71
4079,1,76.38,30.06


4080,7,241.13,9.01
4081,7,295.92,39.7
4082,4,474.49,1.1
4083,8,359.37,7.27
4084,10,296.48,13.48
4085,2,275.53,10.89
4086,2,204.8,8.84
4087,3,378.02,48.56
4088,3,198.35,8.07
4089,1,157.88,32.85


4090,4,280.97,37.34
4091,5,336.57,5.02
4092,4,210.55,48.13
4093,3,197.18,43.17
4094,6,262.86,17.93
4095,1,124.93,29.1
4096,6,498.96,14.07
4097,6,367.05,32.75
4098,8,244.43,49.8
4099,6,354.8,44.07


4100,3,208.99,31.88
4101,1,174.58,28.07
4102,2,195.7,8.8
4103,5,332.3,29.03
4104,6,155.57,11.99
4105,8,228.43,30.59
4106,9,106.35,9.85
4107,3,472.61,29.19
4108,9,224.78,5.58
4109,6,116.88,23.14


4110,6,106.5,44.05
4111,2,309.98,2.82
4112,2,284.65,33.24
4113,9,447.67,45.22
4114,10,170.81,34.16
4115,3,333.54,18.49
4116,1,187.37,33.67
4117,10,235.19,26.61
4118,4,245.32,40.09
4119,4,474.99,37.38


4120,3,485.9,35.4
4121,1,263.1,32.27
4122,10,137.82,10.06
4123,3,64.28,10.69
4124,1,55.44,40.13
4125,4,145.23,46.37
4126,2,333.91,5.49
4127,3,388.42,44.73
4128,1,329.23,1.28
4129,5,170.41,4.81


4130,7,304.18,10.56
4131,2,262.19,3.46
4132,8,237.38,1.54
4133,2,322.56,29.23
4134,8,268.74,13.52
4135,2,294.12,11.15
4136,2,229.38,28.96
4137,10,282.06,44.07
4138,10,252.29,14.08
4139,7,211.68,12.79


4140,8,235.03,1.21
4141,10,391.68,41.76
4142,7,278.58,31.32
4143,1,434.97,48.5
4144,9,308.82,11.57
4145,6,249.38,22.76
4146,9,480.16,34.81
4147,5,185.77,32.17
4148,9,202.05,36.77
4149,3,245.63,47.45


4150,9,270.7,10.09
4151,2,95.8,5.33
4152,6,187.6,8.25
4153,1,229.13,11.85
4154,8,80.67,28.01
4155,2,239.79,28.49
4156,9,110.23,30.17
4157,1,335.36,20.64
4158,9,370.59,20.09
4159,10,101.39,29.43


4160,8,484.02,30.69
4161,1,316.7,29.09
4162,8,135.89,42.55
4163,3,397.31,43.11
4164,5,248.31,33.63
4165,6,481.34,33.28
4166,10,318.3,49.41
4167,4,175.53,6.66
4168,3,179.12,35.71
4169,2,450.73,14.2


4170,6,398.69,9.5
4171,8,92.85,12.79
4172,6,202.85,31.31
4173,10,158.43,36.7
4174,5,427.33,1.36
4175,1,261.67,2.29
4176,1,447.05,48.82
4177,10,328.48,32.05
4178,4,196.14,26.75
4179,1,160.68,27.4


4180,8,366.5,4.84
4181,4,92.98,18.1
4182,10,170.64,29.9
4183,10,393.97,32.92
4184,9,366.47,17.62
4185,10,440.53,15.47
4186,10,195.8,42.15
4187,10,462.73,10.45
4188,8,126.41,20.62
4189,3,433.13,9.43


4190,3,95.81,12.75
4191,6,159.61,10.93
4192,10,191.58,49.2
4193,3,339.41,36.04
4194,9,152.45,18.27
4195,9,211.32,19.28
4196,8,235.52,41.32
4197,7,466.75,34.55
4198,2,261.33,39.47
4199,4,323.97,22.38


4200,10,92.64,31.89
4201,9,141.24,22.51
4202,8,266.47,48.46
4203,6,61.67,31.89
4204,4,161.89,18.44
4205,1,151.17,45.09
4206,4,422.34,10.64
4207,8,447.22,39.32
4208,10,285.34,37.29
4209,6,239.44,42.99


4210,3,135.6,23.61
4211,7,471.68,19.36
4212,8,89.61,44.22
4213,4,125.58,39.07
4214,7,148.54,35.1
4215,5,211.45,2.84
4216,8,242.91,23.46
4217,6,63.36,3.56
4218,10,332.88,17.34
4219,10,252.99,39.03


4220,1,55.29,7.43
4221,5,455.89,20.46
4222,2,430.6,27.39
4223,5,438.42,49.5
4224,6,63.46,6.14
4225,5,219.19,6.67
4226,5,254.3,45.17
4227,7,447.5,19.68
4228,10,189.31,42.14
4229,3,402.23,11.51


4230,10,111.72,23.48
4231,7,109.76,41.74
4232,2,156.01,35.64
4233,5,287.54,33.14
4234,4,166.32,14.6
4235,7,433.74,24.05
4236,4,105.08,11.03
4237,5,355.77,13.39
4238,2,236.17,37.43
4239,7,190.28,18.83


4240,3,307.5,10.73
4241,10,285.29,22.53
4242,10,147.0,35.9
4243,5,141.41,29.61
4244,8,186.81,13.67
4245,4,237.09,29.14
4246,3,376.02,29.66
4247,6,199.89,14.82
4248,2,266.61,30.16
4249,1,68.68,17.52


4250,5,458.28,28.82
4251,4,254.66,33.27
4252,5,55.8,7.93
4253,4,88.01,40.15
4254,6,79.12,36.06
4255,7,261.69,28.09
4256,8,368.71,22.97
4257,7,467.83,30.75
4258,9,317.54,30.28
4259,5,265.68,18.5


4260,10,447.31,26.56
4261,5,389.13,34.27
4262,3,440.58,33.52
4263,5,90.66,45.44
4264,9,165.47,4.23
4265,7,268.57,29.44
4266,1,218.77,47.54
4267,2,73.61,49.91
4268,1,484.24,30.44
4269,1,279.16,45.69


4270,6,352.96,9.56
4271,8,310.24,21.59
4272,7,269.35,44.99
4273,5,195.49,47.13
4274,9,149.35,43.53
4275,8,70.27,48.59
4276,1,410.6,43.77
4277,10,210.02,3.11
4278,8,109.69,24.61
4279,1,123.87,33.27


4280,3,113.29,19.89
4281,6,364.3,43.62
4282,8,188.73,4.87
4283,2,431.06,22.07
4284,6,85.75,3.58
4285,4,77.52,42.44
4286,6,366.44,46.82
4287,4,480.19,22.97
4288,10,344.92,9.99
4289,2,259.66,38.41


4290,8,495.1,31.12
4291,7,63.27,27.41
4292,6,86.47,24.19
4293,2,391.64,16.5
4294,2,155.48,41.66
4295,7,436.58,3.24
4296,2,483.9,26.64
4297,9,129.92,13.65
4298,7,365.18,39.87
4299,2,332.1,35.97


4300,9,333.69,36.09
4301,10,243.61,41.97
4302,7,67.57,34.34
4303,3,237.36,45.46
4304,3,454.73,5.7
4305,8,419.86,23.45
4306,2,318.34,35.14
4307,10,339.07,30.14
4308,9,317.85,26.31
4309,10,98.11,41.37


4310,6,99.89,46.01
4311,10,444.08,6.89
4312,5,243.08,5.61
4313,5,365.46,48.13
4314,6,447.42,14.43
4315,10,211.76,13.49
4316,6,158.56,13.22
4317,10,179.85,38.65
4318,6,90.66,30.36
4319,3,239.01,8.62


4320,5,477.14,41.56
4321,5,76.88,40.32
4322,5,138.33,1.35
4323,7,483.23,40.13
4324,4,462.8,1.57
4325,4,462.7,21.28
4326,4,84.76,3.69
4327,9,83.59,17.72
4328,8,127.66,4.75
4329,7,227.32,15.12


4330,8,154.6,12.99
4331,7,337.83,3.52
4332,6,220.27,25.41
4333,10,78.98,8.46
4334,6,220.52,29.76
4335,9,432.12,24.68
4336,9,391.64,47.12
4337,9,437.92,28.23
4338,6,389.87,18.34
4339,2,305.87,22.16


4340,9,62.11,26.81
4341,9,280.93,3.65
4342,4,295.01,20.8
4343,1,343.48,37.76
4344,4,142.66,27.66
4345,6,158.75,43.51
4346,1,336.54,9.19
4347,4,387.37,9.13
4348,8,123.49,48.41
4349,3,94.13,28.09


4350,5,75.15,5.88
4351,4,270.38,2.18
4352,7,366.43,48.62
4353,7,325.92,27.73
4354,9,390.81,5.87
4355,7,436.55,47.91
4356,10,216.79,37.49
4357,7,220.82,4.42
4358,4,116.92,6.87
4359,2,340.03,14.22


4360,7,153.48,32.55
4361,3,448.38,8.0
4362,10,396.03,5.31
4363,1,106.27,1.61
4364,7,233.06,30.4
4365,10,246.59,18.18
4366,6,241.01,15.36
4367,2,295.63,7.73
4368,10,77.01,2.73
4369,1,299.05,43.54


4370,7,97.16,21.77
4371,6,413.38,12.6
4372,9,59.44,4.19
4373,10,99.38,39.81
4374,5,493.2,46.41
4375,3,379.76,43.54
4376,5,279.53,15.05
4377,6,417.05,21.51
4378,6,82.57,38.15
4379,3,435.47,48.88


4380,1,235.05,2.23
4381,9,181.8,13.88
4382,5,187.56,35.24
4383,6,158.66,25.87
4384,10,288.82,23.18
4385,5,254.08,42.83
4386,6,338.87,6.73
4387,3,115.78,12.33
4388,8,404.45,33.89
4389,5,207.58,43.25


4390,6,73.93,14.24
4391,2,208.54,1.31
4392,7,280.35,41.01
4393,3,489.12,39.4
4394,8,295.62,21.9
4395,1,485.81,41.55
4396,1,74.54,41.65
4397,10,332.75,41.1
4398,7,244.28,8.64
4399,8,453.75,24.44


4400,6,146.03,40.52
4401,5,200.15,15.59
4402,5,305.27,16.48
4403,7,139.87,39.51
4404,4,173.21,17.97
4405,9,483.72,35.18
4406,6,262.52,8.71
4407,8,148.68,19.24
4408,8,352.11,4.46
4409,2,358.62,3.93


4410,6,51.05,35.73
4411,5,70.37,5.99
4412,5,351.15,35.96
4413,3,153.89,7.69
4414,2,416.11,32.68
4415,4,459.08,19.15
4416,9,341.97,43.9
4417,3,303.6,41.4
4418,8,111.68,3.61
4419,6,72.6,6.92


4420,10,495.4,45.01
4421,1,413.48,49.9
4422,9,291.26,30.47
4423,9,296.52,17.53
4424,7,425.86,28.54
4425,6,193.38,37.34
4426,2,86.34,19.63
4427,4,86.97,36.64
4428,3,53.67,15.04
4429,6,209.82,23.51


4430,8,339.37,42.55
4431,7,486.07,33.57
4432,3,444.48,37.99
4433,5,180.33,25.59
4434,10,181.44,9.46
4435,6,469.54,33.59
4436,5,58.47,25.78
4437,3,315.94,30.34
4438,1,113.99,10.06
4439,5,212.82,35.91


4440,6,67.54,36.63
4441,9,73.67,9.29
4442,10,458.19,5.48
4443,8,93.45,31.81
4444,8,52.8,33.09
4445,3,312.66,33.36
4446,10,405.93,11.81
4447,7,414.72,6.05
4448,10,401.43,30.75
4449,9,436.87,30.06


4450,9,88.42,21.98
4451,9,286.63,6.26
4452,3,305.04,41.99
4453,6,374.83,34.94
4454,3,160.79,22.02
4455,1,252.04,28.21
4456,5,258.62,43.47
4457,10,305.52,49.09
4458,7,413.98,33.57
4459,4,147.26,32.58


4460,4,127.41,16.26
4461,2,330.47,5.8
4462,4,479.17,9.61
4463,7,408.91,30.63
4464,3,317.07,43.12
4465,3,283.84,25.04
4466,4,271.14,5.13
4467,6,228.06,42.81
4468,9,152.78,46.69
4469,6,199.65,41.18


4470,5,356.95,25.28
4471,3,303.14,16.3
4472,7,69.31,32.87
4473,10,151.63,2.92
4474,10,412.98,3.64
4475,6,285.32,6.97
4476,8,458.85,28.41
4477,6,453.87,8.43
4478,4,221.73,2.53
4479,5,448.43,22.72


4480,1,408.46,38.27
4481,4,379.25,44.9
4482,4,415.24,19.79
4483,9,330.44,12.01
4484,9,103.89,24.65
4485,10,430.75,34.98
4486,5,373.43,14.76
4487,10,58.95,35.13
4488,3,311.58,10.34
4489,6,359.43,16.57


4490,1,418.42,28.89
4491,2,253.06,12.93
4492,9,54.55,20.62
4493,1,134.01,18.77
4494,9,336.25,17.87
4495,2,107.09,23.38
4496,8,297.1,21.17
4497,6,249.46,13.44
4498,2,349.91,4.28
4499,9,84.1,39.54


4500,9,488.04,36.38
4501,10,134.45,24.85
4502,6,92.93,44.8
4503,1,73.62,12.91
4504,6,464.18,39.29
4505,5,229.89,28.34
4506,6,282.91,38.22
4507,8,54.41,44.59
4508,7,279.42,35.18
4509,9,486.35,39.11


4510,1,58.6,45.96
4511,1,87.52,33.28
4512,7,219.93,46.06
4513,1,372.05,36.83
4514,2,238.56,30.67
4515,1,201.75,46.66
4516,3,293.27,22.19
4517,1,464.25,45.01
4518,1,222.95,26.38
4519,9,345.11,20.84


4520,5,322.75,11.76
4521,10,418.24,24.34
4522,3,187.06,38.24
4523,9,316.15,9.22
4524,3,167.93,3.21
4525,2,336.09,29.12
4526,10,368.23,43.3
4527,6,153.53,19.45
4528,7,427.19,17.9
4529,5,368.32,27.89


4530,9,347.87,33.91
4531,2,300.11,7.03
4532,5,260.67,21.12
4533,1,473.77,38.09
4534,9,492.48,46.64
4535,8,239.83,13.89
4536,9,314.51,1.07
4537,8,331.26,2.55
4538,10,445.24,49.25
4539,7,275.63,16.1


4540,6,319.91,1.47
4541,6,453.31,20.61
4542,9,75.31,25.84
4543,8,183.16,17.81
4544,9,207.36,13.56
4545,9,150.84,19.89
4546,7,312.57,9.03
4547,8,207.65,47.64
4548,4,423.54,27.84
4549,3,396.89,47.78


4550,10,431.73,44.33
4551,1,240.55,3.84
4552,7,209.34,6.02
4553,6,160.48,5.87
4554,3,212.13,45.99
4555,10,105.55,13.74
4556,7,221.16,45.17
4557,6,113.82,45.99
4558,9,95.11,2.29
4559,5,279.44,6.56


4560,6,386.69,30.35
4561,7,342.96,19.14
4562,3,323.7,23.29
4563,9,144.62,5.0
4564,4,264.43,9.53
4565,7,463.59,13.9
4566,6,69.13,20.38
4567,5,419.66,11.13
4568,3,129.52,40.39
4569,10,176.49,48.11


4570,4,228.83,23.96
4571,9,158.61,39.6
4572,2,62.77,36.63
4573,6,136.87,27.09
4574,6,276.87,45.2
4575,4,402.25,38.07
4576,1,235.33,31.83
4577,5,235.16,45.65
4578,8,369.29,24.02
4579,10,155.9,21.55


4580,2,137.79,14.74
4581,2,416.49,48.36
4582,6,293.19,18.84
4583,3,390.91,10.14
4584,6,339.53,41.18
4585,2,363.63,37.9
4586,5,430.07,33.94
4587,9,227.52,23.09
4588,8,242.06,16.41
4589,4,183.99,38.94


4590,4,475.19,47.93
4591,10,147.6,18.06
4592,5,350.67,12.42
4593,7,424.82,37.39
4594,7,345.59,9.8
4595,8,54.71,32.0
4596,10,156.74,7.87
4597,2,456.49,1.45
4598,5,103.15,4.33
4599,5,221.74,48.48


4600,7,113.83,29.24
4601,10,318.07,41.33
4602,9,368.22,48.89
4603,7,312.2,33.82
4604,5,475.26,39.6
4605,10,310.01,31.98
4606,10,202.52,42.26
4607,4,352.67,25.28
4608,6,312.29,46.65
4609,10,132.66,28.65


4610,1,63.96,45.11
4611,8,273.17,7.32
4612,10,495.18,16.36
4613,8,57.43,25.03
4614,10,371.8,21.19
4615,6,170.99,35.44
4616,10,340.35,12.22
4617,9,120.36,44.86
4618,8,251.9,1.28
4619,8,85.18,18.44


4620,1,206.34,38.64
4621,7,423.38,8.24
4622,6,89.17,42.89
4623,4,330.38,26.68
4624,1,82.89,9.74
4625,8,369.59,43.17
4626,8,50.89,19.63
4627,9,376.01,5.72
4628,5,127.83,31.72
4629,9,301.34,27.16


4630,9,258.43,20.15
4631,2,421.88,2.15
4632,1,372.61,14.14
4633,8,244.93,25.37
4634,6,90.75,24.71
4635,7,265.55,31.98
4636,6,340.93,20.08
4637,2,106.57,35.35
4638,1,84.97,4.19
4639,7,280.79,24.96


4640,6,287.07,13.76
4641,6,150.5,42.77
4642,6,278.09,39.7
4643,3,94.29,8.38
4644,5,84.07,49.11
4645,2,372.81,13.34
4646,6,442.76,38.25
4647,1,197.36,43.22
4648,4,206.0,8.37
4649,5,317.72,48.68


4650,5,337.88,37.54
4651,7,322.28,8.81
4652,7,250.29,24.29
4653,3,286.01,5.57
4654,4,365.95,44.55
4655,7,405.06,32.05
4656,1,337.89,48.58
4657,4,113.92,8.36
4658,3,84.22,8.22
4659,6,107.7,47.89


